1731930991.5759704,0
1731930991.5883973,0
1731930991.6033626,0
1731930991.616268,0
1731930991.6289546,0
1731930991.643062,0
1731930991.6554122,0
1731930991.6689365,0
1731930991.6833367,0
1731930991.695922,0
1731930991.7119682,0
1731930991.7248888,0
1731930991.7381475,0
1731930991.75377,0
1731930991.7687721,0
1731930991.7832468,0
1731930991.7977238,0
1731930991.8128328,0
1731930991.8250215,0
1731930991.83837,0
1731930991.850479,0
1731930991.862405,0
1731930991.8773704,0
1731930991.8893104,0
1731930991.904017,0
1731930991.9173825,0
1731930991.931163,0
1731930991.9456575,0
1731930991.9578133,0
1731930991.9715865,0
1731930991.9853733,0
1731930992.000191,0
1731930992.0129113,0
1731930992.0252972,0
1731930992.0383265,0
1731930992.050324,0
1731930992.0627847,0
1731930992.0769885,0
1731930992.0905623,0
1731930992.108402,0
1731930992.1219163,0
1731930992.1376157,0
1731930992.1507726,0
1731930992.1643941,0
1731930992.1800368,0
1731930992.1921666,0
1731930992.2070045,0
1731930992.2204225,0
1731930992.2339208,0
1731930992.2477994,0
1731930992.2599335,0
1731930992.2721555,0
1731930992.284028,0
1731930992.2969916,0
1731930992.309281,0
1731930992.3216317,0
1731930992.333968,0
1731930992.3472826,0
1731930992.35884,0
1731930992.3729935,0
1731930992.3876154,0
1731930992.4003398,0
1731930992.4124553,0
1731930992.424601,0
1731930992.4368365,0
1731930992.4491963,0
1731930992.462831,0
1731930992.4841003,0
1731930992.502863,0
1731930992.520371,0
1731930992.5352187,0
1731930992.547455,0
1731930992.561041,0
1731930992.579206,0
1731930992.5940676,0
1731930992.6081946,11
1731930992.6208267,1
1731930992.635367,16
1731930992.6480448,15
1731930992.6618428,14
1731930992.675964,22
1731930992.6899898,23
1731930992.7057915,24
1731930992.71962,23
1731930992.7379508,24
1731930992.7503653,25
1731930992.763111,25
1731930992.778574,27
1731930992.8012626,27
1731930992.81457,26
1731930992.8438895,27
1731930992.8621352,28
1731930992.8762512,31
1731930992.8933737,30
1731930992.9080162,31
1731930992.9221096,32
1731930992.937812,32
1731930992.954289,33
1731930992.9684954,32
1731930992.9842196,34
1731930992.9965649,36
1731930993.0131783,34
1731930993.0312874,36
1731930993.0454736,38
1731930993.0598776,37
1731930993.0777862,38
1731930993.094465,40
1731930993.1093998,39
1731930993.128392,40
1731930993.145545,40
1731930993.1605635,42
1731930993.1752832,41
1731930993.1892593,43
1731930993.2069428,43
1731930993.2213652,43
1731930993.2342865,46
1731930993.252775,44
1731930993.2687442,46
1731930993.2820594,48
1731930993.2960129,47
1731930993.3148453,49
1731930993.3272943,48
1731930993.3395257,49
1731930993.3526163,48
1731930993.3652666,51
1731930993.3840225,50
1731930993.3962526,52
1731930993.4104679,52
1731930993.4267466,53
1731930993.4428296,53
1731930993.4572856,54
1731930993.4728394,55
1731930993.4869921,56
1731930993.5037162,57
1731930993.5180523,57
1731930993.5313182,57
1731930993.5445538,58
1731930993.556616,59
1731930993.5694256,58
1731930993.5818152,59
1731930993.595067,60
1731930993.6119394,60
1731930993.6256888,61
1731930993.6379054,60
1731930993.650221,62
1731930993.6636055,63
1731930993.678255,64
1731930993.690595,64
1731930993.7050362,65
1731930993.717552,65
1731930993.7295794,66
1731930993.7465498,67
1731930993.7590048,66
1731930993.7714725,67
1731930993.7852004,68
1731930993.7979293,68
1731930993.8120034,69
1731930993.82686,70
1731930993.8457148,70
1731930993.860394,71
1731930993.8726492,70
1731930993.8852816,71
1731930993.899096,72
1731930993.912381,72
1731930993.925139,73
1731930993.9404464,74
1731930993.9553127,73
1731930993.97507,76
1731930993.99011,75
1731930994.0056596,77
1731930994.01878,77
1731930994.0329907,77
1731930994.047445,78
1731930994.0631804,79
1731930994.0784996,80
1731930994.0942035,80
1731930994.107767,81
1731930994.1211066,81
1731930994.1354163,83
1731930994.1478882,81
1731930994.162303,83
1731930994.1750624,83
1731930994.1913314,84
1731930994.2046924,86
1731930994.217413,85
1731930994.2309685,86
1731930994.2442086,87
1731930994.2566562,88
1731930994.272121,87
1731930994.2851753,87
1731930994.2974317,89
1731930994.3136728,89
1731930994.3257813,89
1731930994.3445673,91
1731930994.360032,90
1731930994.3757365,92
1731930994.388339,92
1731930994.4023042,94
1731930994.418625,94
1731930994.4352853,94
1731930994.4490497,95
1731930994.4616961,95
1731930994.4754417,97
1731930994.4917586,97
1731930994.5064914,96
1731930994.520485,98
1731930994.534108,99
1731930994.5460968,100
1731930994.5636058,99
1731930994.5762167,100
1731930994.5887249,100
1731930994.603343,101
1731930994.6153498,100
1731930994.628007,103
1731930994.6451786,104
1731930994.6635768,104
1731930994.67623,105
1731930994.690411,103
1731930994.7052984,105
1731930994.7176054,105
1731930994.7305734,104
1731930994.7462718,103
1731930994.7579677,104
1731930994.7722104,104
1731930994.7872055,103
1731930994.7998784,105
1731930994.8120282,105
1731930994.8239646,103
1731930994.8398511,102
1731930994.8535762,99
1731930994.8718243,95
1731930994.8847928,91
1731930994.902256,87
1731930994.9158587,83
1731930994.9287474,80
1731930994.9450035,76
1731930994.9570775,74
1731930994.9725482,75
1731930994.984722,74
1731930994.9966726,75
1731930995.0095038,75
1731930995.0235302,74
1731930995.0364842,75
1731930995.0486097,75
1731930995.0607395,75
1731930995.0748918,76
1731930995.0886965,76
1731930995.1044943,76
1731930995.1198554,77
1731930995.1337426,76
1731930995.1544702,77
1731930995.168366,77
1731930995.1810708,77
1731930995.1958013,78
1731930995.209085,77
1731930995.2252402,78
1731930995.2398403,79
1731930995.2530816,79
1731930995.2674444,79
1731930995.281075,79
1731930995.2968853,80
1731930995.3158336,79
1731930995.3295069,79
1731930995.3453157,81
1731930995.3598163,81
1731930995.375731,81
1731930995.3891468,82
1731930995.4047472,82
1731930995.4213183,82
1731930995.4397967,81
1731930995.4548266,82
1731930995.4701228,81
1731930995.487247,83
1731930995.4993742,84
1731930995.5130367,82
1731930995.5288894,83
1731930995.5418468,82
1731930995.5540233,82
1731930995.5712564,83
1731930995.5873344,84
1731930995.6029685,83
1731930995.6147478,84
1731930995.6291003,84
1731930995.6428237,85
1731930995.6551225,85
1731930995.672758,85
1731930995.6861346,87
1731930995.702595,85
1731930995.7148492,87
1731930995.7265725,88
1731930995.7405267,86
1731930995.7537599,88
1731930995.7709904,87
1731930995.7910867,88
1731930995.8068192,89
1731930995.8219292,88
1731930995.841201,90
1731930995.8552988,90
1731930995.8721101,90
1731930995.8875566,89
1731930995.9040194,90
1731930995.92078,89
1731930995.938189,91
1731930995.9616458,88
1731930995.9818447,91
1731930995.9964457,92
1731930996.0145361,91
1731930996.029141,92
1731930996.0501814,93
1731930996.0739655,91
1731930996.0928235,94
1731930996.1087954,94
1731930996.1247249,94
1731930996.143598,93
1731930996.157354,94
1731930996.1739273,94
1731930996.1877177,95
1731930996.2063172,95
1731930996.2305198,95
1731930996.2468557,95
1731930996.2614136,95
1731930996.2877312,96
1731930996.3079524,96
1731930996.3340724,96
1731930996.3529673,102
1731930996.36919,102
1731930996.3864791,100
1731930996.4003725,100
1731930996.419598,102
1731930996.4348342,104
1731930996.449025,102
1731930996.464908,100
1731930996.479347,100
1731930996.4917374,100
1731930996.5072713,100
1731930996.5209277,101
1731930996.536036,102
1731930996.551769,100
1731930996.5728734,101
1731930996.5901725,100
1731930996.6112757,100
1731930996.6303148,101
1731930996.6500666,100
1731930996.6709719,101
1731930996.6888905,100
1731930996.7046793,102
1731930996.7500618,100
1731930996.781962,92
1731930996.799633,101
1731930996.8136063,100
1731930996.8292332,102
1731930996.8413353,101
1731930996.8542948,103
1731930996.876587,105
1731930996.892763,104
1731930996.9117517,104
1731930996.927836,104
1731930996.9432256,103
1731930996.95701,104
1731930996.9719634,104
1731930996.9885056,104
1731930997.0042427,102
1731930997.019435,101
1731930997.0313957,98
1731930997.0430377,95
1731930997.05869,91
1731930997.073725,87
1731930997.089103,84
1731930997.107153,79
1731930997.1205606,76
1731930997.1416676,71
1731930997.1575267,69
1731930997.1813767,70
1731930997.2005937,69
1731930997.2138567,71
1731930997.2259924,70
1731930997.2418718,71
1731930997.255623,70
1731930997.2702,70
1731930997.2828648,72
1731930997.2988381,71
1731930997.3127623,71
1731930997.3265631,72
1731930997.3424141,72
1731930997.3560212,73
1731930997.3720207,71
1731930997.3841567,72
1731930997.3974943,73
1731930997.4103627,73
1731930997.4241464,73
1731930997.4379077,75
1731930997.452587,75
1731930997.4683223,74
1731930997.4832342,74
1731930997.4983842,76
1731930997.5140388,75
1731930997.5256295,76
1731930997.5394185,75
1731930997.553643,75
1731930997.565983,75
1731930997.580562,78
1731930997.5938473,77
1731930997.6088753,77
1731930997.6242623,78
1731930997.6372726,77
1731930997.6525931,78
1731930997.6651576,77
1731930997.676922,78
1731930997.6899397,79
1731930997.7030683,79
1731930997.715505,79
1731930997.7270484,79
1731930997.7421334,79
1731930997.7540352,80
1731930997.7675653,81
1731930997.7793791,81
1731930997.7953703,80
1731930997.8086603,82
1731930997.8246994,82
1731930997.8394458,80
1731930997.8570337,82
1731930997.8696802,82
1731930997.885443,81
1731930997.897798,83
1731930997.911409,82
1731930997.9274378,83
1731930997.9419537,84
1731930997.9580972,83
1731930997.9710367,84
1731930997.9868612,84
1731930998.0004935,84
1731930998.0122614,85
1731930998.0295668,84
1731930998.0412607,85
1731930998.054754,85
1731930998.0704157,86
1731930998.0846524,85
1731930998.0978153,85
1731930998.112076,85
1731930998.1258225,85
1731930998.141022,87
1731930998.154133,86
1731930998.1689258,86
1731930998.1839786,87
1731930998.1970644,87
1731930998.2123218,84
1731930998.2272346,86
1731930998.242956,87
1731930998.258855,89
1731930998.273386,88
1731930998.2855358,87
1731930998.303588,88
1731930998.317908,88
1731930998.3299768,88
1731930998.3440874,88
1731930998.3581786,84
1731930998.371506,89
1731930998.3873148,90
1731930998.4000413,90
1731930998.412412,89
1731930998.4256473,88
1731930998.4402614,89
1731930998.4528103,91
1731930998.4657087,91
1731930998.4785147,90
1731930998.4909759,89
1731930998.5039375,91
1731930998.5160358,89
1731930998.5296624,91
1731930998.5417256,91
1731930998.5532398,91
1731930998.5653844,91
1731930998.580834,90
1731930998.5962076,92
1731930998.6133134,92
1731930998.6263745,91
1731930998.6441517,93
1731930998.656562,93
1731930998.6735332,93
1731930998.6871254,91
1731930998.7045581,93
1731930998.7165194,91
1731930998.7287707,91
1731930998.7436342,94
1731930998.757073,93
1731930998.7717907,93
1731930998.7848725,94
1731930998.7974496,93
1731930998.8096826,93
1731930998.8231182,92
1731930998.8356423,95
1731930998.8479137,95
1731930998.8599033,95
1731930998.8752732,94
1731930998.8875272,94
1731930998.90242,95
1731930998.9156177,95
1731930998.928867,96
1731930998.9446232,96
1731930998.9596827,96
1731930998.974416,95
1731930998.9867454,95
1731930999.0016372,95
1731930999.0155435,95
1731930999.0275133,95
1731930999.0411785,95
1731930999.0554497,96
1731930999.068376,97
1731930999.0800204,95
1731930999.0931315,96
1731930999.106162,96
1731930999.1183069,96
1731930999.1307855,95
1731930999.1463218,97
1731930999.1585188,96
1731930999.171191,96
1731930999.1862893,97
1731930999.199581,98
1731930999.2114642,98
1731930999.2251203,98
1731930999.240091,98
1731930999.2519433,96
1731930999.2687101,98
1731930999.281193,96
1731930999.293183,97
1731930999.3097677,97
1731930999.3217685,98
1731930999.334924,98
1731930999.3481514,98
1731930999.36027,98
1731930999.3720524,98
1731930999.383971,98
1731930999.3981807,97
1731930999.4108148,98
1731930999.4231272,98
1731930999.44096,98
1731930999.4533377,100
1731930999.469641,99
1731930999.4814298,99
1731930999.492895,99
1731930999.505376,99
1731930999.5221043,99
1731930999.5422916,98
1731930999.5575402,100
1731930999.5764554,99
1731930999.5925443,100
1731930999.606469,101
1731930999.6245518,100
1731930999.6388407,100
1731930999.6543422,101
1731930999.6672897,100
1731930999.6811514,101
1731930999.694797,100
1731930999.707774,101
1731930999.723212,99
1731930999.7365453,101
1731930999.7517004,100
1731930999.7650995,99
1731930999.7767875,100
1731930999.7885718,100
1731930999.805861,100
1731930999.822282,101
1731930999.8420796,100
1731930999.8564641,101
1731930999.8705168,101
1731930999.886793,102
1731930999.8997576,102
1731930999.9179475,100
1731930999.9309144,102
1731930999.9464345,101
1731930999.9579654,101
1731930999.9714947,102
1731930999.9873524,101
1731930999.999681,101
1731931000.0124764,100
1731931000.027051,100
1731931000.0395155,102
1731931000.0525494,101
1731931000.06806,100
1731931000.0804172,102
1731931000.094876,101
1731931000.1091592,100
1731931000.121319,100
1731931000.136589,100
1731931000.1501493,101
1731931000.1620445,101
1731931000.17897,101
1731931000.191464,101
1731931000.209475,103
1731931000.2209857,103
1731931000.2367864,102
1731931000.250063,103
1731931000.2616436,102
1731931000.280177,102
1731931000.2922425,102
1731931000.3111634,103
1731931000.322757,103
1731931000.3364804,103
1731931000.3512094,102
1731931000.3625717,102
1731931000.3782256,102
1731931000.3917353,102
1731931000.4102373,101
1731931000.423867,102
1731931000.4401312,103
1731931000.4542992,102
1731931000.472662,101
1731931000.4861798,102
1731931000.499301,102
1731931000.513214,102
1731931000.5253634,102
1731931000.5396228,103
1731931000.5552642,101
1731931000.5740514,102
1731931000.5875099,101
1731931000.603763,103
1731931000.6158834,103
1731931000.6290536,102
1731931000.644128,102
1731931000.6559596,102
1731931000.6698568,103
1731931000.684813,102
1731931000.696738,102
1731931000.7153778,103
1731931000.7270055,101
1731931000.7397544,101
1731931000.752474,102
1731931000.7659001,101
1731931000.7779293,101
1731931000.7934937,103
1731931000.8063421,102
1731931000.818233,102
1731931000.835852,102
1731931000.8474507,102
1731931000.8589292,102
1731931000.8721921,102
1731931000.886164,102
1731931000.8975663,102
1731931000.9091651,103
1731931000.921314,103
1731931000.936534,102
1731931000.9489648,102
1731931000.9637868,102
1731931000.9776516,102
1731931000.9902644,102
1731931001.006382,101
1731931001.0182655,103
1731931001.0296345,101
1731931001.0454845,103
1731931001.0580316,102
1731931001.0694866,103
1731931001.0809023,101
1731931001.0974596,101
1731931001.1110163,102
1731931001.127654,103
1731931001.145976,100
1731931001.1601608,102
1731931001.1774344,102
1731931001.1892374,102
1731931001.201467,102
1731931001.2207103,102
1731931001.2375364,102
1731931001.2516248,102
1731931001.263588,103
1731931001.2770514,101
1731931001.2897074,103
1731931001.3015532,103
1731931001.3130136,102
1731931001.326121,103
1731931001.3404405,103
1731931001.352471,103
1731931001.3659754,103
1731931001.3801086,102
1731931001.3919196,102
1731931001.4037569,103
1731931001.4189625,101
1731931001.4307342,102
1731931001.443795,102
1731931001.4600177,102
1731931001.475494,102
1731931001.490448,103
1731931001.5035393,102
1731931001.519326,102
1731931001.5322196,103
1731931001.543879,103
1731931001.5554636,101
1731931001.5719712,102
1731931001.5840883,102
1731931001.5955594,102
1731931001.610315,102
1731931001.6236172,103
1731931001.6373742,102
1731931001.6513293,103
1731931001.6633644,102
1731931001.675653,102
1731931001.6875503,102
1731931001.7030296,102
1731931001.714604,102
1731931001.7276201,103
1731931001.7455196,102
1731931001.7575147,103
1731931001.7709055,101
1731931001.784994,102
1731931001.7967894,102
1731931001.8107295,103
1731931001.823755,102
1731931001.8359704,102
1731931001.8473244,102
1731931001.8602023,102
1731931001.8754594,103
1731931001.8870037,102
1731931001.8982944,102
1731931001.911129,102
1731931001.9263322,103
1731931001.9435158,102
1731931001.9567752,102
1731931001.9694579,102
1731931001.9871898,103
1731931001.9986167,101
1731931002.0115395,103
1731931002.02438,102
1731931002.037754,103
1731931002.0536556,102
1731931002.0677252,102
1731931002.0811265,102
1731931002.096212,103
1731931002.1085675,103
1731931002.1204631,103
1731931002.1373315,103
1731931002.149517,103
1731931002.160729,102
1731931002.176341,103
1731931002.188806,102
1731931002.2003808,103
1731931002.2177362,103
1731931002.2299893,102
1731931002.2439556,103
1731931002.2580805,103
1731931002.2698288,101
1731931002.281556,102
1731931002.2937765,102
1731931002.3088229,101
1731931002.3210318,101
1731931002.3367457,103
1731931002.3521433,102
1731931002.3694878,103
1731931002.3814158,101
1731931002.3931959,102
1731931002.4069674,103
1731931002.4202807,101
1731931002.4316976,102
1731931002.44414,102
1731931002.457744,102
1731931002.4731176,102
1731931002.4856377,102
1731931002.5015664,102
1731931002.513202,103
1731931002.5247316,101
1731931002.5430188,102
1731931002.5557692,102
1731931002.5698647,102
1731931002.5834413,103
1731931002.6030066,101
1731931002.621282,101
1731931002.6335018,101
1731931002.6470141,102
1731931002.665089,101
1731931002.684438,101
