1731931059.5285769,0
1731931059.554803,0
1731931059.5692196,0
1731931059.5847902,0
1731931059.6002612,0
1731931059.6164653,0
1731931059.6324365,0
1731931059.6464286,0
1731931059.6603978,0
1731931059.6792426,0
1731931059.6971476,0
1731931059.7167344,0
1731931059.7345402,0
1731931059.7512808,0
1731931059.7675478,0
1731931059.785588,0
1731931059.7973955,0
1731931059.8119571,0
1731931059.8235838,0
1731931059.837901,0
1731931059.851579,0
1731931059.8634424,0
1731931059.8770819,0
1731931059.8909755,0
1731931059.9035106,0
1731931059.9208968,0
1731931059.9332914,0
1731931059.948734,0
1731931059.9647052,0
1731931059.9810553,0
1731931059.998378,0
1731931060.0143282,0
1731931060.0290294,0
1731931060.0435703,0
1731931060.0590453,0
1731931060.0749643,0
1731931060.0872328,0
1731931060.101978,0
1731931060.1181793,0
1731931060.1341648,0
1731931060.145843,0
1731931060.1597722,0
1731931060.1752162,0
1731931060.1873503,0
1731931060.2004173,0
1731931060.2151165,0
1731931060.2275896,0
1731931060.24467,0
1731931060.25677,0
1731931060.2684796,0
1731931060.2874465,0
1731931060.3041372,0
1731931060.321924,0
1731931060.3354063,0
1731931060.3472478,0
1731931060.3655825,0
1731931060.3812742,0
1731931060.3976731,0
1731931060.4163573,0
1731931060.4316282,0
1731931060.449546,0
1731931060.4624703,0
1731931060.4778695,0
1731931060.4927213,0
1731931060.506883,0
1731931060.522504,0
1731931060.5485423,0
1731931060.5691426,0
1731931060.6047645,11
1731931060.6322904,16
1731931060.650308,14
1731931060.6693776,20
1731931060.681585,25
1731931060.6992393,28
1731931060.7207496,27
1731931060.7359521,27
1731931060.7501285,28
1731931060.7716448,28
1731931060.7929394,29
1731931060.8093767,28
1731931060.8250656,28
1731931060.847319,28
1731931060.868114,30
1731931060.8878987,30
1731931060.9101334,29
1731931060.9298482,30
1731931060.9563553,30
1731931060.9686098,30
1731931060.9840753,30
1731931060.9992526,31
1731931061.0295959,31
1731931061.0451787,32
1731931061.067042,32
1731931061.0825937,31
1731931061.1022506,32
1731931061.123283,32
1731931061.1529171,32
1731931061.168958,33
1731931061.1913292,32
1731931061.2121487,34
1731931061.2277188,33
1731931061.26453,33
1731931061.2917156,35
1731931061.3176594,34
1731931061.369389,35
1731931061.4077904,36
1731931061.4296632,35
1731931061.4605932,35
1731931061.4879673,35
1731931061.5119603,36
1731931061.545104,37
1731931061.597433,36
1731931061.6345854,38
1731931061.6676993,37
1731931061.6945214,37
1731931061.7285848,39
1731931061.7772193,38
1731931061.7962031,40
1731931061.8269339,39
1731931061.8597634,40
1731931061.8862462,39
1731931061.917194,40
1731931061.947425,40
1731931061.9638686,40
1731931061.9864876,40
1731931062.0168886,40
1731931062.0319316,41
1731931062.0552857,42
1731931062.0810785,40
1731931062.0941145,41
1731931062.115169,41
1731931062.12906,42
1731931062.145412,42
1731931062.1656315,42
1731931062.1833942,43
1731931062.2258234,42
1731931062.2610562,42
1731931062.3122756,44
1731931062.3412805,42
1731931062.3626065,45
1731931062.383975,44
1731931062.408372,43
1731931062.435607,45
1731931062.4639518,43
1731931062.486273,46
1731931062.5083678,45
1731931062.5269666,45
1731931062.5537925,46
1731931062.585047,44
1731931062.6118255,44
1731931062.647024,47
1731931062.6845393,47
1731931062.7135587,47
1731931062.745093,46
1731931062.77162,48
1731931062.7937374,48
1731931062.8268301,47
1731931062.859961,49
1731931062.8789914,48
1731931062.8974545,47
1731931062.91979,49
1731931062.9370923,49
1731931062.9603791,48
1731931062.9861474,50
1731931063.0086086,49
1731931063.0344687,49
1731931063.0582175,49
1731931063.0855508,49
1731931063.1085436,50
1731931063.1319313,50
1731931063.1548734,49
1731931063.1712868,49
1731931063.193427,51
1731931063.2177804,51
1731931063.244226,52
1731931063.2724402,51
1731931063.3019276,50
1731931063.3287354,50
1731931063.3616238,52
1731931063.4024248,52
1731931063.4358692,52
1731931063.4705021,51
1731931063.4888916,52
1731931063.5116615,51
1731931063.5327477,53
1731931063.5718672,54
1731931063.604755,52
1731931063.6330912,53
1731931063.682301,55
1731931063.7112696,55
1731931063.7459297,55
1731931063.783277,54
1731931063.8120832,56
1731931063.8533924,55
1731931063.895015,54
1731931063.9359815,55
1731931063.9717817,57
1731931064.0038629,65
1731931064.026016,65
1731931064.0499818,59
1731931064.0830126,59
1731931064.1047702,63
1731931064.139206,62
1731931064.1551795,60
1731931064.1784542,58
1731931064.2185292,58
1731931064.2359874,57
1731931064.251414,58
1731931064.2708719,58
1731931064.2859797,59
1731931064.301137,58
1731931064.3445125,58
1731931064.3645828,57
1731931064.3917375,57
1731931064.425396,58
1731931064.4488122,59
1731931064.4688103,59
1731931064.4859362,59
1731931064.503245,58
1731931064.524374,60
1731931064.5454981,60
1731931064.562969,60
1731931064.5781436,60
1731931064.59273,61
1731931064.6120558,59
1731931064.6279101,60
1731931064.6447473,60
1731931064.6593435,60
1731931064.677801,61
1731931064.6972227,60
1731931064.7150195,61
1731931064.7357988,62
1731931064.7678568,60
1731931064.7924905,61
1731931064.8126693,61
1731931064.8333917,60
1731931064.848422,62
1731931064.8659875,62
1731931064.886451,62
1731931064.8999746,62
1731931064.92386,63
1731931064.9413228,62
1731931064.9577086,63
1731931064.9764245,62
1731931064.9915462,63
1731931065.0094464,62
1731931065.0321522,62
1731931065.0536153,64
1731931065.0701184,64
1731931065.0882137,63
1731931065.104703,63
1731931065.1244454,64
1731931065.146871,64
1731931065.1616576,63
1731931065.1778681,64
1731931065.2004979,65
1731931065.2304366,64
1731931065.252583,63
1731931065.270948,65
1731931065.2884784,65
1731931065.3055594,66
1731931065.3298736,66
1731931065.3647218,68
1731931065.3856432,66
1731931065.4047163,68
1731931065.4263005,69
1731931065.4517565,70
1731931065.4802554,71
1731931065.5121562,72
1731931065.5513127,73
1731931065.5809815,73
1731931065.6075382,74
1731931065.6252937,75
1731931065.648692,76
1731931065.6655087,75
1731931065.6853013,76
1731931065.7136672,77
1731931065.7535248,78
1731931065.7883267,77
1731931065.8172545,80
1731931065.8377955,81
1731931065.860614,79
1731931065.8971407,82
1731931065.9329035,84
1731931065.9600449,82
1731931065.9846709,83
1731931066.0151126,85
1731931066.0414138,86
1731931066.0683117,87
1731931066.0832357,86
1731931066.1169808,89
1731931066.16862,91
1731931066.209175,92
1731931066.2428157,93
1731931066.2839353,93
1731931066.3107505,95
1731931066.3356597,95
1731931066.3536267,97
1731931066.3709698,97
1731931066.386958,97
1731931066.4364421,101
1731931066.4619904,101
1731931066.4876933,103
1731931066.5223377,103
1731931066.5618412,104
1731931066.5865886,105
1731931066.6173055,104
1731931066.642595,105
1731931066.672708,105
1731931066.7127552,105
1731931066.7639225,93
1731931066.8186045,80
1731931066.8546734,75
1731931066.9182508,74
1731931066.9580648,76
1731931067.0027757,75
1731931067.0244765,76
1731931067.0837936,78
1731931067.153949,79
1731931067.1921718,80
1731931067.264672,81
1731931067.2866793,82
1731931067.31428,82
1731931067.3580556,82
1731931067.3953257,83
1731931067.4217527,83
1731931067.4569263,82
1731931067.486953,83
1731931067.511676,85
1731931067.5599406,87
1731931067.5764837,87
1731931067.6215975,86
1731931067.6662574,87
1731931067.7113428,87
1731931067.7375848,89
1731931067.7785451,89
1731931067.8080723,90
1731931067.8718,91
1731931067.901934,91
1731931067.9425602,92
1731931067.9913468,93
1731931068.0223799,94
1731931068.0449436,94
1731931068.0696309,94
1731931068.1038058,94
1731931068.1423986,95
1731931068.1782584,96
1731931068.1932442,95
1731931068.226947,96
1731931068.2446,97
1731931068.2733989,96
1731931068.2919312,97
1731931068.3216703,98
1731931068.341733,99
1731931068.3724337,99
1731931068.3959692,99
1731931068.4181297,98
1731931068.435836,100
1731931068.4570868,99
1731931068.4854505,100
1731931068.5163958,100
1731931068.551256,101
1731931068.5774918,100
1731931068.595265,101
1731931068.6230311,102
1731931068.6619413,101
1731931068.6872525,101
1731931068.720884,103
1731931068.7424066,102
1731931068.7583997,103
1731931068.7788165,102
1731931068.8089738,102
1731931068.8407462,102
1731931068.8611157,104
1731931068.8765652,102
1731931068.8972769,102
1731931068.9242325,103
1731931068.9405203,104
1731931068.960387,104
1731931068.9752257,104
1731931069.0032575,105
1731931069.0241895,104
1731931069.0453167,104
1731931069.0706623,104
1731931069.0941525,104
1731931069.1239297,104
1731931069.142772,103
1731931069.1712294,104
1731931069.1857984,104
1731931069.2089171,105
1731931069.2270699,104
1731931069.239309,105
1731931069.2685335,97
1731931069.292908,90
1731931069.319966,85
1731931069.3460827,78
1731931069.388033,71
1731931069.4267592,72
1731931069.4620488,72
1731931069.498142,73
1731931069.5307431,73
1731931069.5595274,73
1731931069.5931942,73
1731931069.6290598,74
1731931069.6568613,72
1731931069.7006898,75
1731931069.743065,74
1731931069.7680547,75
1731931069.7944572,75
1731931069.8183377,76
1731931069.842873,75
1731931069.863151,76
1731931069.8911543,75
1731931069.911196,76
1731931069.9363663,76
1731931069.9717298,78
1731931069.9929774,78
1731931070.0232823,77
1731931070.0458329,79
1731931070.0658002,77
1731931070.0866194,79
1731931070.1218162,79
1731931070.1495192,80
1731931070.1643353,78
1731931070.19719,80
1731931070.2316976,80
1731931070.2554016,80
1731931070.2746172,80
1731931070.3083184,80
1731931070.3377385,81
1731931070.3574972,80
1731931070.392211,80
1731931070.4177299,82
1731931070.440505,82
1731931070.4770336,83
1731931070.5028322,82
1731931070.523361,83
1731931070.5504344,83
1731931070.5869567,84
1731931070.6107922,83
1731931070.6383946,83
1731931070.6638887,85
1731931070.6805477,85
1731931070.6940873,84
1731931070.7115273,83
1731931070.727306,84
1731931070.7420015,84
1731931070.7634366,83
1731931070.7884722,84
1731931070.8085146,86
1731931070.8247979,85
1731931070.8529248,86
1731931070.8734877,85
1731931070.8952677,85
1731931070.925035,84
