1731935280.5203116,0
1731935280.5331802,0
1731935280.5460916,0
1731935280.558636,0
1731935280.570644,0
1731935280.5828912,0
1731935280.5946462,0
1731935280.6076872,0
1731935280.6205175,0
1731935280.632666,0
1731935280.644214,0
1731935280.657135,0
1731935280.669325,0
1731935280.6817656,0
1731935280.694087,0
1731935280.7063224,0
1731935280.7180035,0
1731935280.7302494,0
1731935280.7424796,0
1731935280.7548046,0
1731935280.768154,0
1731935280.7810779,0
1731935280.7937188,0
1731935280.8063421,0
1731935280.8193092,0
1731935280.8314314,0
1731935280.843564,0
1731935280.8606963,0
1731935280.873635,0
1731935280.8861463,0
1731935280.8982599,0
1731935280.9109094,0
1731935280.9238849,0
1731935280.9360588,0
1731935280.950266,0
1731935280.962508,0
1731935280.976348,0
1731935280.9891915,0
1731935281.0022106,0
1731935281.0148578,0
1731935281.027092,0
1731935281.039598,0
1731935281.0534878,0
1731935281.06569,0
1731935281.078697,0
1731935281.0912025,0
1731935281.1039062,0
1731935281.116807,0
1731935281.1292553,0
1731935281.1424572,0
1731935281.1547546,0
1731935281.167623,0
1731935281.1796486,0
1731935281.1915522,0
1731935281.2040892,0
1731935281.2177246,0
1731935281.2307007,0
1731935281.2430048,0
1731935281.2549117,0
1731935281.2679965,0
1731935281.2797723,0
1731935281.2921767,0
1731935281.3040674,0
1731935281.3159015,0
1731935281.3278053,0
1731935281.34011,0
1731935281.3521135,0
1731935281.3647606,0
1731935281.3773153,0
1731935281.3890388,0
1731935281.4013765,0
1731935281.413683,0
1731935281.4259872,0
1731935281.4376345,0
1731935281.4497616,0
1731935281.4619195,0
1731935281.4760625,0
1731935281.4880798,0
1731935281.5008159,0
1731935281.5145254,0
1731935281.526467,1
1731935281.5381112,0
1731935281.5497925,3
1731935281.561552,1
1731935281.5735924,1
1731935281.5853665,1
1731935281.5970137,0
1731935281.6087067,1
1731935281.6203334,1
1731935281.6318998,0
1731935281.6435297,1
1731935281.654964,0
1731935281.6661785,1
1731935281.6777856,1
1731935281.689308,0
1731935281.700857,1
1731935281.7122018,0
1731935281.724025,0
1731935281.7370057,0
1731935281.7499442,0
1731935281.7620468,0
1731935281.774112,2
1731935281.7859888,2
1731935281.7974887,0
1731935281.8097363,1
1731935281.821346,1
1731935281.833214,0
1731935281.8447104,0
1731935281.8568404,1
1731935281.8696766,0
1731935281.8817728,1
1731935281.8941863,0
1731935281.9070144,0
1731935281.9195461,0
1731935281.9315772,1
1731935281.9433417,0
1731935281.9554253,2
1731935281.9675078,2
1731935281.97978,2
1731935281.9927278,0
1731935282.005731,0
1731935282.018422,0
1731935282.0315893,2
1731935282.0446646,1
1731935282.057745,3
1731935282.0709612,0
1731935282.084169,0
1731935282.0970695,0
1731935282.1093462,1
1731935282.121759,0
1731935282.1339524,0
1731935282.1465492,0
1731935282.1596947,0
1731935282.1723285,0
1731935282.1846476,0
1731935282.1970074,1
1731935282.2100573,0
1731935282.2229152,0
1731935282.2361999,0
1731935282.2485368,0
1731935282.2607327,0
1731935282.2737944,0
1731935282.2865956,0
1731935282.2999942,1
1731935282.3137174,4
1731935282.3268244,0
1731935282.340155,0
1731935282.3529606,0
1731935282.3656554,0
1731935282.379234,0
1731935282.3924372,0
1731935282.4056544,0
1731935282.4181187,0
1731935282.4305575,0
1731935282.445078,0
1731935282.4579515,0
1731935282.4704652,2
1731935282.4833796,0
1731935282.4950128,4
1731935282.5068665,2
1731935282.518573,0
1731935282.5301666,0
1731935282.5419388,0
1731935282.553821,0
1731935282.5655253,0
1731935282.5771096,0
1731935282.5887828,0
1731935282.600623,0
1731935282.6122224,0
1731935282.6240504,0
1731935282.6359296,0
1731935282.6478548,1
1731935282.6595974,5
1731935282.6714067,2
1731935282.683043,0
1731935282.6946702,0
1731935282.7063184,0
1731935282.7179875,0
1731935282.729361,0
1731935282.74078,0
1731935282.7520783,0
1731935282.7649193,0
1731935282.7767744,0
1731935282.7893991,2
1731935282.801702,7
1731935282.8129735,4
1731935282.8261683,0
1731935282.8376036,0
1731935282.8505807,0
1731935282.862839,0
1731935282.8758621,0
1731935282.8872104,0
1731935282.900346,0
1731935282.9124248,0
1731935282.9249916,0
1731935282.9378262,0
1731935282.9494956,3
1731935282.9610193,2
1731935282.972472,4
1731935282.984548,3
1731935282.996589,4
1731935283.008379,2
1731935283.0200596,0
1731935283.03196,0
1731935283.0443082,0
1731935283.0567472,0
1731935283.069019,0
1731935283.0804918,0
1731935283.0921538,0
1731935283.1038485,0
1731935283.115658,0
1731935283.1273513,0
1731935283.1391623,0
1731935283.15072,1
1731935283.162163,3
1731935283.1738179,2
1731935283.185363,3
1731935283.1966414,2
1731935283.2082117,4
1731935283.2197678,3
1731935283.2310822,0
1731935283.242435,0
1731935283.2540066,0
1731935283.2653553,0
1731935283.2770922,0
1731935283.2898815,0
1731935283.302381,0
1731935283.315267,0
1731935283.3274946,4
1731935283.34106,2
1731935283.35304,2
1731935283.3649645,4
1731935283.3773625,0
1731935283.3895004,0
1731935283.4017177,0
1731935283.414339,0
1731935283.426214,0
1731935283.4378421,0
1731935283.4498603,0
1731935283.461608,0
1731935283.47356,2
1731935283.4855256,2
1731935283.4977105,1
1731935283.5095599,4
1731935283.5214157,1
1731935283.5328703,0
1731935283.545351,0
1731935283.5570984,0
1731935283.5693407,0
1731935283.5818014,0
1731935283.5937343,0
1731935283.6059957,0
1731935283.6180298,2
1731935283.629715,3
1731935283.6424968,1
1731935283.6553485,1
1731935283.6688082,2
1731935283.682884,0
1731935283.6958954,0
1731935283.7086816,0
1731935283.7222183,1
1731935283.7359383,0
1731935283.7494695,0
1731935283.7626948,0
1731935283.7762113,1
1731935283.7889276,3
1731935283.8017528,2
1731935283.8151093,1
1731935283.8276985,2
1731935283.841611,0
1731935283.8554723,0
1731935283.8687484,0
1731935283.8824112,0
1731935283.895957,0
1731935283.9085002,0
1731935283.9209068,1
1731935283.9334743,1
1731935283.9464447,1
1731935283.9594252,1
1731935283.972748,1
1731935283.9859922,2
1731935283.9987419,0
1731935284.01145,0
1731935284.0242195,0
1731935284.0379577,1
1731935284.050031,0
1731935284.0624917,0
1731935284.075332,0
1731935284.0883288,0
1731935284.1008217,2
1731935284.1136506,1
1731935284.1259382,1
1731935284.138048,2
1731935284.150447,3
1731935284.162756,0
1731935284.174898,0
1731935284.1869764,0
1731935284.198672,1
1731935284.210589,0
1731935284.2226632,0
1731935284.2346644,0
1731935284.246661,0
1731935284.258674,1
1731935284.270589,2
1731935284.2829301,0
1731935284.294569,3
1731935284.3064036,1
1731935284.318311,1
1731935284.3300529,2
1731935284.3419745,0
1731935284.353873,0
1731935284.365514,1
1731935284.3780282,0
1731935284.3909135,0
1731935284.4028802,0
1731935284.4160326,0
1731935284.4284987,1
1731935284.4413166,0
1731935284.4535148,1
1731935284.4654555,2
1731935284.4770906,2
1731935284.49044,2
1731935284.5026195,3
1731935284.514114,0
1731935284.5266654,0
1731935284.538639,0
1731935284.5501075,1
1731935284.5619454,0
1731935284.5749035,0
1731935284.5862901,0
1731935284.5985515,0
1731935284.6104298,1
1731935284.622792,0
1731935284.6346297,1
1731935284.6466768,1
1731935284.6582263,3
1731935284.6706293,2
1731935284.68217,3
1731935284.6943371,0
1731935284.7057629,0
1731935284.7176058,0
1731935284.729621,1
1731935284.7410142,0
1731935284.7530913,0
1731935284.7668788,0
1731935284.7789857,0
1731935284.7911665,1
1731935284.8046794,0
1731935284.8168373,2
1731935284.8292885,1
1731935284.8413343,3
1731935284.8553982,2
1731935284.8677244,3
1731935284.8805306,0
1731935284.8932662,0
1731935284.905227,0
1731935284.9169238,1
1731935284.9289143,0
1731935284.941498,0
1731935284.953456,0
1731935284.9653735,0
1731935284.977775,0
1731935284.9897358,2
1731935285.0026333,0
1731935285.0149038,1
1731935285.027028,4
1731935285.039784,1
1731935285.0529823,2
1731935285.0650196,0
1731935285.0768797,0
1731935285.0907834,0
1731935285.1055143,1
1731935285.1177535,0
1731935285.1301198,0
1731935285.1428049,0
1731935285.1553695,0
1731935285.1681683,0
1731935285.1802614,1
1731935285.1922202,0
1731935285.2050858,3
1731935285.2176359,2
1731935285.2296467,3
1731935285.241789,2
1731935285.2536948,3
1731935285.265045,0
1731935285.2770886,0
1731935285.2899392,0
1731935285.3020709,1
1731935285.3140357,0
1731935285.326951,0
1731935285.3397334,0
1731935285.3519568,0
1731935285.3650126,0
1731935285.3775134,1
1731935285.3907688,0
1731935285.4033425,3
1731935285.416216,2
1731935285.4288533,3
1731935285.4409142,2
1731935285.4549816,4
1731935285.4666398,2
1731935285.4782557,0
1731935285.4903226,0
1731935285.502724,1
1731935285.515526,0
1731935285.5274477,0
1731935285.5396554,0
1731935285.5525901,0
1731935285.5642235,0
1731935285.576066,0
1731935285.5885484,0
1731935285.601546,1
1731935285.612945,1
1731935285.6245935,4
1731935285.636947,2
1731935285.6490207,5
1731935285.6609085,3
1731935285.6730728,0
1731935285.6850033,0
1731935285.6969678,0
1731935285.7088966,1
1731935285.7213383,0
1731935285.7336512,0
1731935285.7456396,0
1731935285.7580361,0
1731935285.7712169,0
1731935285.7831402,0
1731935285.795004,0
1731935285.808291,1
1731935285.8212147,0
1731935285.833418,4
1731935285.8458884,2
1731935285.8585553,2
1731935285.8711736,2
1731935285.8835235,0
1731935285.8966744,0
1731935285.9110477,0
1731935285.9242494,1
1731935285.9369771,0
1731935285.9497967,0
1731935285.9618819,0
1731935285.9739525,0
1731935285.9858677,0
1731935285.997529,0
1731935286.0099816,0
1731935286.0223005,2
1731935286.0338283,1
1731935286.0464287,3
1731935286.0584607,2
1731935286.0700796,3
1731935286.0823314,3
1731935286.0946777,0
1731935286.106925,0
1731935286.1190784,0
1731935286.1328855,0
1731935286.146173,1
1731935286.1596432,0
1731935286.1733727,0
1731935286.1867304,0
1731935286.1982818,0
1731935286.2099125,0
1731935286.22376,1
1731935286.2368479,0
1731935286.2494044,2
1731935286.261831,2
1731935286.2741337,3
1731935286.2860498,2
1731935286.2972596,3
1731935286.3099828,0
1731935286.3226476,0
1731935286.336087,0
1731935286.3482187,0
1731935286.3603866,0
1731935286.3723104,1
1731935286.3855355,0
1731935286.397964,0
1731935286.4100976,0
1731935286.424506,0
1731935286.436811,1
1731935286.4495144,0
1731935286.4627872,2
1731935286.4764817,0
1731935286.4895844,5
1731935286.5034525,1
1731935286.5161014,2
1731935286.528947,2
1731935286.5411894,0
1731935286.5541413,0
1731935286.566706,0
1731935286.5787985,0
1731935286.5909743,0
1731935286.6036077,1
1731935286.6155405,0
1731935286.626893,0
1731935286.6382246,0
1731935286.6497664,0
1731935286.6610923,0
1731935286.673522,0
1731935286.6853304,0
1731935286.6966057,3
1731935286.7081654,4
1731935286.7196653,3
1731935286.730918,2
1731935286.7425323,2
1731935286.7539382,3
1731935286.7654386,0
1731935286.7770185,0
1731935286.7884598,0
1731935286.8002837,0
1731935286.8118832,0
1731935286.8233433,0
1731935286.8350787,1
1731935286.8468213,0
1731935286.8583388,0
1731935286.8698967,0
1731935286.8814223,0
1731935286.8929465,0
1731935286.9046443,0
1731935286.916568,0
1731935286.928094,2
1731935286.93966,3
1731935286.9512548,4
1731935286.9626048,1
1731935286.9741073,2
1731935286.9854984,4
1731935286.9971437,0
1731935287.0087352,0
1731935287.020168,0
1731935287.031605,0
1731935287.0428557,0
1731935287.054379,0
1731935287.0656848,0
1731935287.0770326,0
1731935287.0888355,0
1731935287.100596,0
1731935287.111882,0
1731935287.1233983,0
1731935287.1357555,0
1731935287.1490605,0
1731935287.1611302,3
1731935287.173935,1
1731935287.1871724,5
1731935287.1997478,3
1731935287.2115173,2
1731935287.223352,4
1731935287.235699,0
1731935287.2478878,0
1731935287.25972,0
1731935287.2722309,0
1731935287.2840517,0
1731935287.295897,0
1731935287.309019,0
1731935287.3217592,0
1731935287.3341603,0
1731935287.3463955,0
1731935287.3590133,0
1731935287.3709693,0
1731935287.3842106,0
1731935287.3959804,1
1731935287.4076977,1
1731935287.4200468,3
1731935287.431572,3
1731935287.4431198,4
1731935287.4548745,1
1731935287.46661,3
1731935287.478202,0
1731935287.4898605,0
1731935287.5017679,0
1731935287.513406,0
1731935287.525041,0
1731935287.5367866,0
1731935287.548615,0
1731935287.5600648,1
1731935287.5721197,0
1731935287.5837684,0
1731935287.5951726,0
1731935287.6078799,0
1731935287.6201766,0
1731935287.6323903,0
1731935287.6445665,1
1731935287.6570141,1
1731935287.6694565,4
1731935287.6820056,2
1731935287.6940117,3
1731935287.7057652,2
1731935287.7176423,3
1731935287.7294297,0
1731935287.7412827,0
1731935287.7533805,0
1731935287.7653344,0
1731935287.777172,0
1731935287.7890368,0
1731935287.8009417,0
1731935287.8125675,0
1731935287.8248632,0
1731935287.8369882,0
1731935287.8499706,0
1731935287.8621125,0
1731935287.8750525,0
1731935287.8875291,0
1731935287.9008977,3
1731935287.9141874,3
1731935287.9268682,3
1731935287.9397104,2
1731935287.9524794,1
1731935287.9651513,3
1731935287.977596,2
1731935287.9902875,0
1731935288.0029497,0
1731935288.0161903,0
1731935288.0285995,0
1731935288.0411882,0
1731935288.053639,0
1731935288.0666997,1
1731935288.0792117,0
1731935288.0916297,0
1731935288.1044881,0
1731935288.1174908,0
1731935288.1297338,0
1731935288.1419702,0
1731935288.1548536,2
1731935288.168045,2
1731935288.1808298,4
1731935288.1938922,2
1731935288.207011,2
1731935288.2193842,2
1731935288.2312837,4
1731935288.2437549,0
1731935288.2571676,0
1731935288.269869,0
1731935288.282726,0
1731935288.2950683,0
1731935288.3082805,0
1731935288.321127,1
1731935288.3337777,0
1731935288.3469713,0
1731935288.3590798,0
1731935288.3712957,0
1731935288.3833132,0
1731935288.3953187,0
1731935288.407542,0
1731935288.4207337,3
1731935288.4331474,2
1731935288.4450247,4
1731935288.4574912,2
1731935288.4698677,2
1731935288.4821935,3
1731935288.4936986,5
1731935288.5056083,0
1731935288.5173326,0
1731935288.5291805,0
1731935288.540811,0
1731935288.552502,0
1731935288.5639334,0
1731935288.5754998,0
1731935288.5868783,1
1731935288.5980327,0
1731935288.6095324,0
1731935288.62112,0
1731935288.6331058,0
1731935288.6450727,0
1731935288.657167,0
1731935288.6697443,0
1731935288.6822193,2
1731935288.6938052,1
1731935288.7058127,3
1731935288.7178595,1
1731935288.729513,3
1731935288.7421615,0
1731935288.754123,3
1731935288.7676237,2
1731935288.779936,0
1731935288.7927644,0
1731935288.8046713,0
1731935288.8167384,0
1731935288.828355,0
1731935288.8408272,1
1731935288.853895,0
1731935288.8657181,0
1731935288.8783786,0
1731935288.8908865,0
1731935288.9036782,0
1731935288.9163163,0
1731935288.928187,0
1731935288.940902,3
1731935288.9532094,3
1731935288.9650536,3
1731935288.9769711,3
1731935288.9888666,0
1731935289.0004275,2
1731935289.0122192,1
1731935289.0240018,0
1731935289.0356243,0
1731935289.0471241,1
1731935289.0586963,0
1731935289.0702496,0
1731935289.0820215,0
1731935289.093476,0
1731935289.104917,0
1731935289.1161659,0
1731935289.1275508,0
1731935289.1393442,0
1731935289.1510537,0
1731935289.1624053,0
1731935289.175176,3
1731935289.188401,4
1731935289.201192,4
1731935289.214067,3
1731935289.226907,1
1731935289.239715,0
1731935289.2522583,0
1731935289.2643251,2
1731935289.277881,0
1731935289.2901144,1
1731935289.302751,0
1731935289.3158627,0
1731935289.328349,0
1731935289.3411002,0
1731935289.3538456,0
1731935289.366485,0
1731935289.3790512,0
1731935289.3926206,3
1731935289.4057872,5
1731935289.4186344,3
1731935289.4313293,1
1731935289.4449666,1
1731935289.4581726,0
1731935289.4707663,0
1731935289.4835947,1
1731935289.4959044,0
1731935289.5085094,1
1731935289.5210946,0
1731935289.5342386,0
1731935289.5476298,0
1731935289.5597565,0
1731935289.5728025,0
1731935289.5852664,0
1731935289.5989838,0
1731935289.6116836,1
1731935289.6249018,2
1731935289.6382658,2
1731935289.6514823,0
1731935289.6633754,1
1731935289.676811,1
1731935289.689959,0
1731935289.7034686,0
1731935289.7159867,0
1731935289.7293904,2
1731935289.7420733,0
1731935289.7551937,0
1731935289.7684648,0
1731935289.7823696,0
1731935289.7944984,0
1731935289.808309,0
1731935289.8220167,0
1731935289.8349202,1
1731935289.8479733,3
1731935289.8608801,1
1731935289.873467,0
1731935289.886075,0
1731935289.898878,1
1731935289.9119892,0
1731935289.9247298,0
1731935289.9374535,0
1731935289.9499094,1
1731935289.9625034,1
1731935289.9753902,0
1731935289.9884753,0
1731935290.0021005,0
1731935290.0146236,0
1731935290.0277095,0
1731935290.0410023,0
1731935290.0546854,0
1731935290.0668848,1
1731935290.0789893,3
1731935290.0911422,2
1731935290.10333,1
1731935290.1154063,0
1731935290.1278996,1
1731935290.1405804,1
1731935290.1528666,0
1731935290.1647394,0
1731935290.1770222,0
1731935290.1893895,3
1731935290.2014027,0
1731935290.2138681,0
1731935290.2257426,0
1731935290.2377074,0
1731935290.2494538,0
1731935290.2613368,0
1731935290.274031,0
1731935290.2860582,0
1731935290.2987602,0
1731935290.312252,2
1731935290.3248997,1
1731935290.3370306,1
1731935290.3489492,0
1731935290.3608222,0
1731935290.3734028,2
1731935290.386032,0
1731935290.398439,0
1731935290.4105368,0
1731935290.4229455,3
1731935290.4354107,1
1731935290.4481566,0
1731935290.4600127,0
1731935290.472101,0
1731935290.484241,0
1731935290.4968538,0
1731935290.5096822,0
1731935290.5222602,0
1731935290.5356445,0
1731935290.547369,1
1731935290.5599182,2
1731935290.572503,1
1731935290.5844676,1
1731935290.5970683,0
1731935290.6099448,2
1731935290.6215901,0
1731935290.6340625,0
1731935290.6463459,0
1731935290.6584918,1
1731935290.6704905,3
1731935290.6823876,0
1731935290.6938107,0
1731935290.706691,0
1731935290.7191975,0
1731935290.7310936,0
1731935290.742894,0
1731935290.7560167,0
1731935290.7693892,0
1731935290.7835238,0
1731935290.79572,1
1731935290.8093448,2
1731935290.8215601,1
1731935290.8342128,1
1731935290.8469827,1
1731935290.8603864,0
1731935290.8731647,0
1731935290.8857274,0
1731935290.8999186,0
1731935290.9139276,4
1731935290.9269216,0
1731935290.9403677,0
1731935290.9527755,0
1731935290.965097,0
1731935290.9781122,0
1731935290.9914916,0
1731935291.003757,0
1731935291.0158696,0
1731935291.0278122,0
1731935291.0402434,1
1731935291.0523748,2
1731935291.064141,1
1731935291.0772562,1
1731935291.0904248,0
1731935291.1029704,1
1731935291.11614,0
1731935291.1295688,0
1731935291.1427824,0
1731935291.155432,2
1731935291.168341,5
1731935291.1809092,0
1731935291.1929626,0
1731935291.2058027,0
1731935291.2180274,0
1731935291.2306526,0
1731935291.2429655,0
1731935291.2547743,0
1731935291.2667766,0
1731935291.2785983,0
1731935291.2900753,0
1731935291.302089,1
1731935291.3141532,1
1731935291.3255463,1
1731935291.337399,2
1731935291.349056,1
1731935291.3604538,1
1731935291.3724873,0
1731935291.3840313,0
1731935291.395306,0
1731935291.4069667,1
1731935291.4187622,3
1731935291.430035,2
1731935291.441429,0
1731935291.4528255,0
1731935291.4660041,0
1731935291.4783866,0
1731935291.490268,0
1731935291.5033445,0
1731935291.5164263,0
1731935291.5287676,0
1731935291.540515,0
1731935291.5527925,0
1731935291.564843,1
1731935291.5769007,2
1731935291.5894842,2
1731935291.6021266,1
1731935291.6158452,2
1731935291.628524,0
1731935291.6412404,0
1731935291.6557927,0
1731935291.6680968,1
1731935291.681066,4
1731935291.693588,0
1731935291.706324,0
1731935291.719213,0
1731935291.7319822,0
1731935291.7449307,0
1731935291.7570913,0
1731935291.770199,0
1731935291.782161,0
1731935291.793735,0
1731935291.8066487,0
1731935291.8185456,0
1731935291.82991,1
1731935291.8415272,1
1731935291.8532205,2
1731935291.8646328,1
1731935291.8766038,2
1731935291.888331,0
1731935291.9000957,0
1731935291.9115858,0
1731935291.9230614,0
1731935291.9344463,2
1731935291.9484527,3
1731935291.961471,0
1731935291.9748266,0
1731935291.9875808,0
1731935292.000343,0
1731935292.0117238,0
1731935292.0250924,0
1731935292.0386326,0
1731935292.0521657,0
1731935292.064951,0
1731935292.0769794,0
1731935292.0894008,0
1731935292.1012924,1
1731935292.1130714,4
1731935292.1250913,2
1731935292.1389322,0
1731935292.1522965,0
1731935292.1649108,0
1731935292.1773245,0
1731935292.1898963,4
1731935292.203065,2
1731935292.2151985,0
1731935292.2273722,0
1731935292.2408953,0
1731935292.2536328,0
1731935292.2661877,0
1731935292.279113,0
1731935292.2914326,0
1731935292.3035722,0
1731935292.3151572,0
1731935292.3269465,0
1731935292.3390126,0
1731935292.3513265,5
1731935292.363061,0
1731935292.374686,2
1731935292.386844,0
1731935292.398733,0
1731935292.4101462,0
1731935292.4220796,1
1731935292.4340324,4
1731935292.4460895,0
1731935292.4578278,0
1731935292.469901,0
1731935292.482543,0
1731935292.494833,0
1731935292.506936,0
1731935292.5187466,0
1731935292.5317168,0
1731935292.5432892,0
1731935292.555332,0
1731935292.5674267,0
1731935292.5791185,3
1731935292.591484,0
1731935292.605248,0
1731935292.6167567,0
1731935292.6292086,0
1731935292.6415365,0
1731935292.6538243,2
1731935292.666245,2
1731935292.6775212,0
1731935292.689786,0
1731935292.7023869,0
1731935292.7153509,0
1731935292.7280831,0
1731935292.7403994,0
1731935292.7524667,0
1731935292.7647192,0
1731935292.776685,0
1731935292.7885222,0
1731935292.8007092,2
1731935292.8129227,2
1731935292.8251922,1
1731935292.8371956,0
1731935292.8500748,0
1731935292.8617675,0
1731935292.8746312,2
1731935292.8877597,0
1731935292.899943,0
1731935292.9122884,0
1731935292.9243667,0
1731935292.9383593,0
1731935292.9517787,0
1731935292.965392,0
1731935292.977911,0
1731935292.9904547,0
1731935293.0031006,0
1731935293.0162642,1
1731935293.0285676,2
1731935293.0412216,0
1731935293.053935,0
1731935293.0671117,0
1731935293.0798976,0
1731935293.0926642,2
1731935293.1056802,0
1731935293.1185627,0
1731935293.1309938,0
1731935293.143107,0
1731935293.1547067,0
1731935293.16635,0
