1731935592.5621686,0
1731935592.5968106,0
1731935592.612419,0
1731935592.6268222,0
1731935592.6382942,0
1731935592.6511447,0
1731935592.662396,0
1731935592.6744897,0
1731935592.6866567,0
1731935592.6994648,0
1731935592.7124674,0
1731935592.7257526,0
1731935592.7377527,0
1731935592.750971,0
1731935592.7622588,0
1731935592.7738316,0
1731935592.7855415,0
1731935592.7977,0
1731935592.8095949,0
1731935592.8216784,0
1731935592.8338578,0
1731935592.8457305,0
1731935592.8572776,0
1731935592.8691115,0
1731935592.8831162,0
1731935592.8960104,0
1731935592.9081357,0
1731935592.9204545,0
1731935592.9339845,0
1731935592.9465206,0
1731935592.958708,0
1731935592.9709432,0
1731935592.9844615,0
1731935592.9965236,0
1731935593.0092483,0
1731935593.0221999,0
1731935593.0356684,0
1731935593.0512838,0
1731935593.0651455,0
1731935593.0786538,0
1731935593.0904195,0
1731935593.1031241,0
1731935593.1165602,0
1731935593.1287563,0
1731935593.1416225,0
1731935593.1532633,0
1731935593.1659102,0
1731935593.1781614,0
1731935593.189918,0
1731935593.2025738,0
1731935593.2157137,0
1731935593.228682,0
1731935593.2420287,0
1731935593.2545273,0
1731935593.2664933,0
1731935593.2786343,0
1731935593.2906258,0
1731935593.3030765,0
1731935593.3163917,0
1731935593.328059,0
1731935593.3399608,0
1731935593.3528163,0
1731935593.3657975,0
1731935593.378673,0
1731935593.3901417,0
1731935593.409841,0
1731935593.4231691,0
1731935593.438254,0
1731935593.45113,0
1731935593.462999,0
1731935593.4749315,0
1731935593.4869459,0
1731935593.4997156,0
1731935593.51299,0
1731935593.5252967,0
1731935593.537935,0
1731935593.5498605,0
1731935593.5624037,0
1731935593.5752916,0
1731935593.5890305,0
1731935593.601284,0
1731935593.6401677,6
1731935593.6554854,6
1731935593.6681814,6
1731935593.680049,5
1731935593.6921368,8
1731935593.7038302,4
1731935593.7160127,5
1731935593.729036,4
1731935593.7420752,5
1731935593.7544754,4
1731935593.7696185,5
1731935593.7824028,4
1731935593.7942634,4
1731935593.8097088,6
1731935593.8236022,8
1731935593.8370984,5
1731935593.8490474,4
1731935593.8607614,5
1731935593.8722866,4
1731935593.8846805,4
1731935593.897427,6
1731935593.9133384,4
1731935593.9275641,5
1731935593.9400263,5
1731935593.9523861,4
1731935593.9646568,5
1731935593.9775462,6
1731935593.9893706,4
1731935594.0024831,4
1731935594.0148,6
1731935594.026371,5
1731935594.037886,4
1731935594.0492456,3
1731935594.0624504,3
1731935594.0768409,4
1731935594.0895998,4
1731935594.1038182,5
1731935594.118279,6
1731935594.1314838,4
1731935594.144,4
1731935594.1567616,5
1731935594.1715078,5
1731935594.1856644,4
1731935594.1979377,5
1731935594.2098083,5
1731935594.2216878,3
1731935594.2340057,4
1731935594.2461371,5
1731935594.2583904,4
1731935594.2709777,5
1731935594.287319,4
1731935594.299988,4
1731935594.313146,5
1731935594.3273373,4
1731935594.3393111,4
1731935594.351497,4
1731935594.363715,3
1731935594.3761046,3
1731935594.3880012,4
1731935594.3997,4
1731935594.4116712,6
1731935594.424251,5
1731935594.4361787,5
1731935594.4483027,6
1731935594.4606166,2
1731935594.4730983,4
1731935594.4858348,4
1731935594.5002184,6
1731935594.5126994,3
1731935594.5241559,4
1731935594.5358446,4
1731935594.5473802,4
1731935594.5590081,5
1731935594.5713968,4
1731935594.5830934,4
1731935594.5970137,5
1731935594.6114702,4
1731935594.624131,5
1731935594.6370597,3
1731935594.6500525,5
1731935594.6624057,2
1731935594.6758952,4
1731935594.688801,3
1731935594.7026825,4
1731935594.7171812,5
1731935594.7304206,4
1731935594.742869,4
1731935594.7544591,3
1731935594.7664182,6
1731935594.7779474,2
1731935594.7895882,6
1731935594.801192,4
1731935594.8135958,5
1731935594.8263774,4
1731935594.8410804,4
1731935594.8551836,2
1731935594.8672967,5
1731935594.8801324,4
1731935594.8920023,4
1731935594.9035478,5
1731935594.9148507,5
1731935594.9263833,3
1731935594.9386632,5
1731935594.952409,4
1731935594.9678833,3
1731935594.9815736,4
1731935594.9955053,4
1731935595.008814,5
1731935595.0212998,6
1731935595.0335727,1
1731935595.0477529,4
1731935595.060142,4
1731935595.0721443,4
1731935595.0841253,4
1731935595.0959904,4
1731935595.110694,3
1731935595.1231155,5
1731935595.1348498,4
1731935595.147529,3
1731935595.160023,5
1731935595.1724255,2
1731935595.1841972,5
1731935595.1957443,4
1731935595.2103786,3
1731935595.2239017,5
1731935595.2372873,3
1731935595.250501,4
1731935595.2642,4
1731935595.2800598,4
1731935595.2932732,5
1731935595.3045611,4
1731935595.3165007,4
1731935595.328096,4
1731935595.341835,3
1731935595.3539073,6
1731935595.367495,6
1731935595.3813603,3
1731935595.3928988,5
1731935595.4053988,5
1731935595.4187758,7
1731935595.4343867,7
1731935595.448267,6
1731935595.461963,6
1731935595.4740686,6
1731935595.4860594,5
1731935595.498172,5
1731935595.511156,5
1731935595.5233414,4
1731935595.5351715,4
1731935595.5491934,5
1731935595.5628448,6
1731935595.5773447,4
1731935595.5914266,5
1731935595.6086347,7
1731935595.6209464,4
1731935595.634042,7
1731935595.6459744,3
1731935595.6583328,6
1731935595.6713843,5
1731935595.6862936,7
1731935595.6989725,4
1731935595.7114086,8
1731935595.723886,5
1731935595.7375581,4
1731935595.7514653,7
1731935595.7668107,4
1731935595.7818696,5
1731935595.795733,3
1731935595.8103507,3
1731935595.8233738,5
1731935595.8360028,7
1731935595.848947,7
1731935595.8617086,6
1731935595.873337,6
1731935595.8866355,4
1731935595.9000187,7
1731935595.912937,7
1731935595.9257972,7
1731935595.938621,6
1731935595.950438,6
1731935595.9619224,6
1731935595.9739056,6
1731935595.986091,6
1731935595.9984212,5
1731935596.0103993,6
1731935596.0228486,6
1731935596.0373876,5
1731935596.050876,6
1731935596.0636656,6
1731935596.0764806,5
1731935596.0892034,5
1731935596.100836,4
1731935596.1130352,5
1731935596.1252759,6
1731935596.1368833,3
1731935596.1494546,4
1731935596.16234,7
1731935596.1768734,5
1731935596.1883163,7
1731935596.2009554,4
1731935596.2135952,3
1731935596.225603,5
1731935596.237486,5
1731935596.2496266,5
1731935596.2630408,3
1731935596.2782645,3
1731935596.293348,4
1731935596.3088555,5
1731935596.3215213,5
1731935596.3345585,3
1731935596.3470728,3
1731935596.3611493,6
1731935596.374231,5
1731935596.3857725,4
1731935596.397846,3
1731935596.409715,5
1731935596.4219737,2
1731935596.433998,5
1731935596.4519882,3
1731935596.4652956,4
1731935596.4785125,3
1731935596.4906008,5
1731935596.5028493,4
1731935596.5160651,3
1731935596.528628,6
1731935596.5416653,3
1731935596.5535092,4
1731935596.565582,4
1731935596.5783627,4
1731935596.590857,4
1731935596.6036181,3
1731935596.6154742,3
1731935596.6271877,6
1731935596.6408842,4
1731935596.6524029,6
1731935596.6663983,2
1731935596.678744,4
1731935596.6910245,5
1731935596.7029812,5
1731935596.7154014,4
1731935596.727506,3
1731935596.7404697,3
1731935596.7520614,5
1731935596.7648678,5
1731935596.777345,4
1731935596.7897358,4
1731935596.80397,5
1731935596.8167317,5
1731935596.829601,4
1731935596.842976,5
1731935596.8561108,4
1731935596.870542,5
1731935596.8850088,3
1731935596.8980649,3
1731935596.9108608,3
1731935596.9227245,4
1731935596.935171,5
1731935596.9474916,5
1731935596.9590592,4
1731935596.9718356,3
1731935596.9835167,5
1731935597.0048156,17
1731935597.0188186,5
1731935597.0306258,3
1731935597.042624,4
1731935597.055824,5
1731935597.0683827,5
1731935597.080693,4
1731935597.0927238,2
1731935597.104677,5
1731935597.1175036,4
1731935597.131197,4
1731935597.1444156,6
1731935597.1571276,2
1731935597.1688623,4
1731935597.1818514,3
1731935597.19484,4
1731935597.2074387,4
1731935597.2202883,3
1731935597.2327533,4
1731935597.2455268,5
1731935597.2769532,2
1731935597.2884457,4
1731935597.3012562,3
1731935597.3125317,4
1731935597.325225,4
1731935597.338438,5
1731935597.351193,4
1731935597.3628807,4
1731935597.3786836,5
1731935597.3931062,4
1731935597.4067967,5
1731935597.420855,4
1731935597.4387536,4
1731935597.452492,5
1731935597.465763,4
1731935597.478828,3
1731935597.4903715,3
1731935597.501925,4
1731935597.5166047,4
1731935597.5303276,3
1731935597.5420995,3
1731935597.553488,3
1731935597.565289,5
1731935597.577126,4
1731935597.5887372,5
1731935597.6016777,5
1731935597.6130333,2
1731935597.626458,3
1731935597.6391063,4
1731935597.6521835,3
1731935597.665098,3
1731935597.67689,4
1731935597.6883693,5
1731935597.7001357,4
1731935597.7127025,4
1731935597.7259352,4
1731935597.7393038,4
1731935597.75306,3
1731935597.7667596,2
1731935597.7794352,3
1731935597.791651,5
1731935597.8036976,4
1731935597.8158224,4
1731935597.8288326,3
1731935597.8408396,2
1731935597.8530023,5
1731935597.8651686,4
1731935597.8780084,5
1731935597.88937,5
1731935597.9011958,3
1731935597.912726,4
1731935597.9247541,4
1731935597.9377525,3
1731935597.9506943,4
1731935597.9645157,5
1731935597.9776037,5
1731935597.9897747,4
1731935598.0024796,5
1731935598.0150402,4
1731935598.0267205,3
1731935598.0380545,4
1731935598.0505948,3
1731935598.062203,5
1731935598.0759838,4
1731935598.0896943,5
1731935598.1038506,2
1731935598.116145,5
1731935598.127943,4
1731935598.1418648,4
1731935598.1547315,5
1731935598.173319,5
1731935598.1877642,4
1731935598.2015846,4
1731935598.2147255,4
1731935598.227182,4
1731935598.2411425,2
1731935598.2529738,6
1731935598.265892,4
1731935598.2799368,26
1731935598.2927432,4
1731935598.3045883,4
1731935598.316924,4
1731935598.3286972,3
1731935598.3410637,4
1731935598.3536127,4
1731935598.3670685,4
1731935598.379491,5
1731935598.3918188,2
1731935598.4037876,4
1731935598.4173193,3
1731935598.4306076,3
1731935598.4502366,4
1731935598.466761,5
1731935598.4798813,4
1731935598.4917412,3
1731935598.5043588,6
1731935598.5169322,4
1731935598.529261,5
1731935598.541352,4
1731935598.5532672,4
1731935598.5665367,4
1731935598.5786161,4
1731935598.5908165,3
1731935598.6023185,6
1731935598.615171,2
1731935598.6269445,3
1731935598.638491,6
1731935598.6502237,2
1731935598.6621287,3
1731935598.6753447,4
1731935598.6877544,4
1731935598.7007072,3
1731935598.7147863,4
1731935598.7279541,3
1731935598.7406306,5
1731935598.7521944,3
1731935598.7649183,6
1731935598.777765,3
1731935598.7906666,4
1731935598.802968,4
1731935598.8160079,5
1731935598.8286297,5
1731935598.8412492,2
1731935598.852784,3
1731935598.8646207,5
1731935598.8776104,5
1731935598.890531,5
1731935598.9038923,5
1731935598.9188464,4
1731935598.9324317,5
1731935598.9475267,4
1731935598.9616594,3
1731935598.9781566,4
1731935598.9949028,2
1731935599.0086784,2
1731935599.0212617,3
1731935599.0337882,5
1731935599.045131,5
1731935599.0578394,4
1731935599.0690384,1
1731935599.0814588,6
1731935599.0943453,1
1731935599.1074347,5
1731935599.12138,3
1731935599.1357288,4
1731935599.1495125,3
1731935599.1623569,4
1731935599.1751606,3
1731935599.1876154,5
1731935599.1995993,4
1731935599.2116754,4
1731935599.2234862,3
1731935599.2351208,4
1731935599.2471156,2
1731935599.2600977,3
1731935599.2737513,6
1731935599.2866251,3
1731935599.2986536,5
1731935599.3104916,5
1731935599.3220677,6
1731935599.3333645,4
1731935599.345244,4
1731935599.3569553,3
1731935599.3695767,4
1731935599.3812401,4
1731935599.3949938,4
1731935599.4080994,4
1731935599.4207718,4
1731935599.4345427,5
1731935599.4487891,4
1731935599.4616783,3
1731935599.4751773,4
1731935599.487334,5
1731935599.500757,4
1731935599.5140092,5
1731935599.5281663,4
1731935599.541243,5
1731935599.552893,4
1731935599.5656114,5
1731935599.5775445,3
1731935599.5893974,6
1731935599.60161,4
1731935599.6144545,4
1731935599.6266212,4
1731935599.638853,5
1731935599.650328,3
1731935599.6626341,4
1731935599.6751404,4
1731935599.686826,2
1731935599.698764,5
1731935599.7135,4
1731935599.7270138,3
1731935599.7396364,5
1731935599.7520254,4
1731935599.7653878,4
1731935599.779053,3
1731935599.791042,3
1731935599.8030295,4
1731935599.815157,3
1731935599.8279984,6
1731935599.840362,3
1731935599.852808,6
1731935599.8651628,4
1731935599.8770952,4
1731935599.8888574,4
1731935599.90198,4
1731935599.916142,4
1731935599.9287934,4
1731935599.9416168,5
1731935599.9532688,4
1731935599.9664476,3
1731935599.9792187,4
1731935599.991703,5
1731935600.0044618,5
1731935600.0172555,5
1731935600.0289118,3
1731935600.0415952,3
1731935600.0535786,3
1731935600.0669935,4
1731935600.0795975,4
1731935600.0909657,2
1731935600.103597,5
1731935600.1162157,2
1731935600.1289177,4
1731935600.1418955,5
1731935600.1544452,5
1731935600.1666596,4
1731935600.1782455,5
1731935600.1908774,4
1731935600.2036467,4
1731935600.221094,5
1731935600.2362177,5
1731935600.2501462,5
1731935600.2642665,4
1731935600.2762265,5
1731935600.2878745,5
1731935600.3020358,4
1731935600.3137252,4
1731935600.3254657,2
1731935600.337596,5
1731935600.3522484,5
1731935600.366016,3
1731935600.3804615,4
1731935600.3949504,4
1731935600.4074044,4
1731935600.4194067,3
1731935600.4309366,6
1731935600.442948,4
1731935600.4554613,3
1731935600.4675617,5
1731935600.4797356,3
1731935600.4910805,4
1731935600.5029185,4
1731935600.5146022,5
1731935600.5295405,5
1731935600.5423267,4
1731935600.5557163,3
1731935600.5682476,3
1731935600.58069,6
1731935600.5925763,3
1731935600.6046646,3
1731935600.61637,5
1731935600.6283724,4
1731935600.6408331,4
1731935600.6541953,5
1731935600.6682947,2
1731935600.6806047,6
1731935600.6922543,3
1731935600.7038531,4
1731935600.715748,5
1731935600.7274384,3
1731935600.7394056,5
1731935600.751929,5
1731935600.7652473,4
1731935600.7782898,3
1731935600.7908373,5
1731935600.8030255,5
1731935600.8158264,2
1731935600.827997,4
1731935600.84069,5
1731935600.8530853,2
1731935600.865312,4
1731935600.8776617,4
1731935600.8901985,5
1731935600.902421,4
1731935600.9151719,3
1731935600.9291995,4
1731935600.9416616,4
1731935600.9537933,4
1731935600.9671423,4
1731935600.9793,3
1731935600.9909186,4
1731935601.0027812,3
1731935601.0154324,3
1731935601.0279934,6
1731935601.040217,4
1731935601.0526192,3
1731935601.066177,4
1731935601.0791492,4
1731935601.0918653,4
1731935601.1049273,4
1731935601.118103,4
1731935601.1302824,4
1731935601.1428435,4
1731935601.1560693,5
1731935601.169063,4
1731935601.1827407,3
1731935601.1957257,5
1731935601.2098835,3
1731935601.2235942,5
1731935601.2385464,4
1731935601.2509866,4
1731935601.263428,4
1731935601.2755096,3
1731935601.28718,4
1731935601.2990422,3
1731935601.3116791,6
1731935601.3250651,3
1731935601.340444,6
1731935601.3536296,3
1731935601.366191,5
1731935601.3782022,2
1731935601.3897882,4
1731935601.4013171,3
1731935601.4128878,6
1731935601.424694,2
1731935601.438608,4
1731935601.4513733,4
1731935601.4641974,3
1731935601.478074,5
1731935601.4928086,4
1731935601.5068398,4
1731935601.5203807,5
1731935601.5320296,5
1731935601.5434678,5
1731935601.554995,4
1731935601.5671744,4
1731935601.5806038,6
1731935601.5928915,3
1731935601.607098,5
1731935601.6191568,3
1731935601.6314657,4
1731935601.6429553,5
1731935601.6545525,5
1731935601.6673663,5
1731935601.681311,4
1731935601.6938279,5
1731935601.7092187,3
1731935601.7218802,5
1731935601.7364178,4
1731935601.7490053,4
1731935601.7605593,4
1731935601.7734866,5
1731935601.78498,3
1731935601.7981815,5
1731935601.8109827,3
1731935601.824384,5
1731935601.8363283,4
1731935601.8519855,3
1731935601.8659353,4
1731935601.8802848,5
1731935601.892981,3
1731935601.9056911,4
1731935601.9173186,2
1731935601.9288702,6
1731935601.9410233,4
1731935601.9530783,4
1731935601.9655092,4
1731935601.977903,5
1731935601.9907596,4
1731935602.004862,5
1731935602.0165207,5
1731935602.0287561,4
1731935602.0405831,4
1731935602.0528655,5
1731935602.0658967,3
1731935602.0798047,4
1731935602.0939956,3
1731935602.1071727,5
1731935602.1198354,4
1731935602.1325479,4
1731935602.1441915,3
1731935602.156177,4
1731935602.1698327,4
1731935602.181822,3
1731935602.1944382,4
1731935602.2076917,3
1731935602.2197511,5
1731935602.2315633,2
1731935602.2436962,3
1731935602.255588,3
1731935602.2681484,6
1731935602.280207,3
1731935602.2923253,4
1731935602.303955,3
1731935602.3155818,3
1731935602.3275287,7
1731935602.3406887,3
1731935602.3522534,4
1731935602.3645875,4
1731935602.3769472,4
1731935602.3891466,5
1731935602.4022064,2
1731935602.4158866,4
1731935602.4293349,4
1731935602.4425416,5
1731935602.4557168,1
1731935602.4680269,6
1731935602.4811847,4
1731935602.4942203,2
1731935602.5075266,6
1731935602.5204525,4
1731935602.5325909,3
1731935602.5483744,6
1731935602.5637972,4
1731935602.5767586,3
1731935602.5893126,4
1731935602.6018243,6
1731935602.613947,4
1731935602.6274934,5
1731935602.642278,4
1731935602.6563854,5
1731935602.6693187,2
1731935602.6816087,2
1731935602.693014,5
1731935602.7046878,2
1731935602.7168484,4
1731935602.7291965,2
1731935602.7420316,4
1731935602.7536874,5
1731935602.7683735,2
1731935602.7819023,4
1731935602.7958586,3
1731935602.8118715,6
1731935602.826012,2
1731935602.8394802,4
1731935602.8513305,5
1731935602.862662,2
1731935602.8742776,4
1731935602.8861783,5
1731935602.9005342,6
1731935602.9134192,4
1731935602.9258232,4
1731935602.9394736,5
1731935602.9527214,3
1731935602.9666958,6
1731935602.982324,3
1731935602.994221,5
1731935603.0063548,4
1731935603.0183969,5
1731935603.0301673,5
1731935603.0423524,4
1731935603.0543942,7
1731935603.0665371,2
1731935603.0797276,4
1731935603.0919435,5
1731935603.104782,3
1731935603.1169329,4
1731935603.1298554,4
1731935603.142059,3
1731935603.1540246,3
1731935603.1680214,4
1731935603.1841536,5
1731935603.1986997,4
1731935603.2115872,5
1731935603.2257414,2
1731935603.2421029,5
1731935603.2562306,4
1731935603.2700694,4
1731935603.285498,4
1731935603.3012574,5
1731935603.3149385,4
1731935603.3270862,3
1731935603.340564,5
1731935603.3525667,3
1731935603.3662465,5
1731935603.37851,4
1731935603.3922436,4
1731935603.4065685,3
1731935603.4193504,3
1731935603.433429,6
1731935603.444981,3
1731935603.4572701,4
1731935603.4695158,3
1731935603.482474,5
1731935603.4947138,5
1731935603.5071063,4
1731935603.5195425,6
1731935603.5317416,5
1731935603.5465949,2
1731935603.560223,4
1731935603.5759153,3
1731935603.5902936,6
1731935603.6037896,3
1731935603.6161304,6
1731935603.628358,3
1731935603.640905,2
1731935603.653494,6
1731935603.665787,4
1731935603.6782568,6
1731935603.6902328,4
1731935603.7025306,4
1731935603.7169747,5
1731935603.7308187,3
1731935603.7446494,5
1731935603.7570682,4
1731935603.7703469,6
1731935603.783383,2
1731935603.7958913,4
1731935603.8079078,4
1731935603.8195155,5
1731935603.8315966,6
1731935603.8448422,3
1731935603.8585346,5
1731935603.8711808,2
1731935603.8829384,6
1731935603.8951697,4
1731935603.9071152,5
1731935603.919318,2
1731935603.9323068,5
1731935603.9450855,2
1731935603.9596326,5
1731935603.9742613,4
1731935603.986078,5
1731935603.9982321,3
1731935604.010419,3
1731935604.0224853,4
1731935604.034423,5
1731935604.0463977,5
1731935604.0617359,4
1731935604.0779164,4
1731935604.0921817,4
1731935604.1060688,5
1731935604.1188853,4
1731935604.1325428,5
1731935604.1453393,2
1731935604.1583412,7
1731935604.1698744,2
1731935604.1832974,5
1731935604.1964483,4
1731935604.2098176,5
1731935604.22334,4
1731935604.237178,3
1731935604.2532659,5
1731935604.2651446,2
1731935604.2781878,3
1731935604.2910497,4
1731935604.3040721,4
1731935604.316857,6
1731935604.3293967,5
1731935604.3416286,4
1731935604.354226,5
1731935604.3671768,4
1731935604.380116,4
1731935604.3929489,6
1731935604.408456,4
1731935604.4203527,5
1731935604.4322157,3
1731935604.4437668,2
1731935604.4551647,6
1731935604.4666,3
1731935604.4783375,3
1731935604.4900775,6
1731935604.5026855,4
1731935604.5160518,5
1731935604.5277193,3
1731935604.54133,3
1731935604.5528586,6
1731935604.5651054,3
1731935604.577423,4
1731935604.5894382,4
1731935604.6011534,4
1731935604.6126392,4
1731935604.624071,5
1731935604.6357555,4
1731935604.6476903,3
1731935604.6604953,6
1731935604.6735322,5
1731935604.6848583,3
1731935604.697801,5
1731935604.7101417,5
1731935604.722209,4
1731935604.7353213,3
1731935604.7485106,5
1731935604.7606714,5
1731935604.7738652,5
1731935604.7853591,4
1731935604.7968283,3
1731935604.808413,3
1731935604.8206131,4
1731935604.8335166,3
1731935604.8458164,4
1731935604.858782,5
1731935604.872234,4
1731935604.8861897,4
1731935604.9030795,5
1731935604.9210763,5
1731935604.9348786,5
1731935604.9483044,4
1731935604.9604876,3
1731935604.972863,4
1731935604.9850829,3
1731935604.9971619,2
1731935605.0104744,6
1731935605.0281684,3
1731935605.0434837,6
1731935605.058591,4
1731935605.073755,4
1731935605.0881312,2
1731935605.103815,6
1731935605.1156507,4
1731935605.1305199,2
1731935605.1438036,5
1731935605.157911,3
1731935605.1696804,5
1731935605.1830454,4
1731935605.1945386,2
1731935605.2094607,4
1731935605.2215154,5
1731935605.2361598,3
1731935605.2490923,5
1731935605.2651813,5
1731935605.2797885,3
1731935605.2917023,5
1731935605.3031056,3
1731935605.31501,5
1731935605.3280733,4
1731935605.3407514,4
1731935605.352615,5
1731935605.3645577,3
1731935605.3764143,4
1731935605.3878458,5
1731935605.400019,3
1731935605.4114668,5
1731935605.423216,4
1731935605.43568,5
1731935605.449569,4
1731935605.4624476,4
1731935605.476614,5
1731935605.4922636,4
