1731935592.5963254,0
1731935592.6092098,0
1731935592.6225991,0
1731935592.6343393,0
1731935592.645866,0
1731935592.6572418,0
1731935592.6695914,0
1731935592.683332,0
1731935592.6955793,0
1731935592.707638,0
1731935592.7194796,0
1731935592.732777,0
1731935592.744932,0
1731935592.756857,0
1731935592.7691157,0
1731935592.7805724,0
1731935592.792803,0
1731935592.8044744,0
1731935592.8161352,0
1731935592.827688,0
1731935592.8398373,0
1731935592.8527918,0
1731935592.8656242,0
1731935592.8791296,0
1731935592.8907545,0
1731935592.9024413,0
1731935592.913928,0
1731935592.9255025,0
1731935592.9369009,0
1731935592.9492462,0
1731935592.9620059,0
1731935592.9741216,0
1731935592.9866593,0
1731935593.0001485,0
1731935593.0123389,0
1731935593.0247128,0
1731935593.0366971,0
1731935593.0501087,0
1731935593.0625029,0
1731935593.0748136,0
1731935593.0864224,0
1731935593.1059964,0
1731935593.1182864,0
1731935593.1301827,0
1731935593.1441836,0
1731935593.1564908,0
1731935593.1690018,0
1731935593.181994,0
1731935593.1938293,0
1731935593.2065551,0
1731935593.2191675,0
1731935593.231376,0
1731935593.2444465,0
1731935593.2581322,0
1731935593.2705483,0
1731935593.282933,0
1731935593.2973027,0
1731935593.3091636,0
1731935593.3217082,0
1731935593.3335037,0
1731935593.3453841,0
1731935593.3570468,0
1731935593.369176,0
1731935593.3811026,0
1731935593.3924382,0
1731935593.4084158,0
1731935593.4237368,0
1731935593.4380372,0
1731935593.450659,0
1731935593.4624321,0
1731935593.475372,0
1731935593.4884505,0
1731935593.5007546,0
1731935593.5137715,0
1731935593.525744,0
1731935593.5385888,0
1731935593.550973,0
1731935593.5626454,0
1731935593.5761926,0
1731935593.5889037,0
1731935593.6092072,0
1731935593.6583986,0
1731935593.6721337,0
1731935593.6841154,5
1731935593.699157,2
1731935593.7118943,1
1731935593.7249098,0
1731935593.7390258,0
1731935593.7527852,0
1731935593.765932,0
1731935593.780503,0
1731935593.7949326,0
1731935593.810364,0
1731935593.8253055,1
1731935593.8409457,1
1731935593.8537035,2
1731935593.8662355,1
1731935593.8806396,1
1731935593.8943944,0
1731935593.9097183,0
1731935593.9221601,0
1731935593.9344773,0
1731935593.9467452,0
1731935593.9585052,0
1731935593.971527,0
1731935593.9838,0
1731935593.9961462,1
1731935594.009093,0
1731935594.0216022,1
1731935594.0343614,1
1731935594.047744,1
1731935594.0614357,2
1731935594.0750153,2
1731935594.0876002,1
1731935594.1005094,0
1731935594.113373,0
1731935594.125062,0
1731935594.1371393,0
1731935594.148645,0
1731935594.1602235,0
1731935594.172263,0
1731935594.1853857,0
1731935594.2002993,1
1731935594.2141697,0
1731935594.2266455,1
1731935594.2385087,1
1731935594.2503264,2
1731935594.2623215,1
1731935594.2744815,1
1731935594.2879455,3
1731935594.3006334,1
1731935594.313756,0
1731935594.3264601,0
1731935594.339802,0
1731935594.3521,0
1731935594.3654795,0
1731935594.3774793,0
1731935594.3897038,0
1731935594.4012027,0
1731935594.4135134,1
1731935594.425446,0
1731935594.4379733,0
1731935594.449932,1
1731935594.46163,2
1731935594.4750025,4
1731935594.4871519,2
1731935594.500307,0
1731935594.514016,0
1731935594.5280325,0
1731935594.5405455,0
1731935594.552066,0
1731935594.5657306,0
1731935594.5781622,0
1731935594.5898826,0
1731935594.6016238,0
1731935594.613341,0
1731935594.6251538,0
1731935594.637006,0
1731935594.650511,0
1731935594.6625566,1
1731935594.6777272,2
1731935594.690799,2
1731935594.7029672,2
1731935594.714905,0
1731935594.7264206,0
1731935594.737995,1
1731935594.7500863,0
1731935594.7618217,0
1731935594.773903,0
1731935594.7874303,0
1731935594.8014345,0
1731935594.8141205,0
1731935594.8268197,0
1731935594.8408823,0
1731935594.8543043,0
1731935594.8678102,0
1731935594.8807507,2
1731935594.8929594,1
1731935594.9048793,1
1731935594.9173982,1
1731935594.929081,1
1731935594.941643,1
1731935594.9537878,1
1731935594.9678328,1
1731935594.980353,1
1731935594.9924834,1
1731935595.0045078,1
1731935595.0167406,1
1731935595.029079,1
1731935595.0417771,0
1731935595.0532677,1
1731935595.0664377,1
1731935595.079291,1
1731935595.0918584,1
1731935595.1087637,1
1731935595.1242774,1
1731935595.138954,0
1731935595.1533563,0
1731935595.166407,0
1731935595.179676,1
1731935595.1929789,1
1731935595.2050455,1
1731935595.2171848,1
1731935595.229276,0
1731935595.2418916,1
1731935595.2539084,1
1731935595.2670033,1
1731935595.281421,1
1731935595.295061,0
1731935595.3094378,0
1731935595.3207867,0
1731935595.3356733,0
1731935595.3516824,0
1731935595.3650253,0
1731935595.3769386,1
1731935595.3895814,0
1731935595.4020016,1
1731935595.418803,1
1731935595.4320142,1
1731935595.4445057,1
1731935595.4561067,1
1731935595.4680262,1
1731935595.479476,1
1731935595.4927027,0
1731935595.5053437,1
1731935595.519483,1
1731935595.53255,0
1731935595.5460615,1
1731935595.5577626,1
1731935595.5692194,1
1731935595.5812852,1
1731935595.5935907,1
1731935595.6053934,1
1731935595.617137,1
1731935595.6286314,1
1731935595.6424184,0
1731935595.6540534,1
1731935595.6665683,1
1731935595.680935,1
1731935595.6953726,0
1731935595.7071705,1
1731935595.7207372,1
1731935595.7340243,0
1731935595.7458613,1
1731935595.7575793,0
1731935595.769296,0
1731935595.7836802,1
1731935595.796861,1
1731935595.8113716,1
1731935595.8245046,1
1731935595.8382418,1
1731935595.8539975,2
1731935595.8689077,1
1731935595.88213,2
1731935595.894365,0
1731935595.9071999,0
1731935595.9207501,0
1731935595.9328594,1
1731935595.944759,1
1731935595.9569573,1
1731935595.9695837,1
1731935595.982817,2
1731935595.9957006,0
1731935596.008393,0
1731935596.0216906,0
1731935596.0357287,1
1731935596.0507052,1
1731935596.0644011,0
1731935596.077429,1
1731935596.0908167,1
1731935596.1025434,1
1731935596.1145759,1
1731935596.1270783,1
1731935596.138686,1
1731935596.150864,1
1731935596.1630003,1
1731935596.1760619,0
1731935596.1887345,0
1731935596.2011676,1
1731935596.2142704,0
1731935596.227743,1
1731935596.241545,1
1731935596.2533913,0
1731935596.2660143,0
1731935596.2781625,1
1731935596.2925746,1
1731935596.304809,0
1731935596.317223,0
1731935596.3292274,1
1731935596.3415504,1
1731935596.353172,1
1731935596.36469,1
1731935596.3772664,0
1731935596.3904757,0
1731935596.4048996,1
1731935596.4179542,0
1731935596.4317665,1
1731935596.4469876,0
1731935596.45921,1
1731935596.47136,1
1731935596.4831111,1
1731935596.4954379,1
1731935596.5083075,1
1731935596.5214348,1
1731935596.5341616,1
1731935596.5481746,1
1731935596.5636618,1
1731935596.5773602,1
1731935596.5896606,1
1731935596.6020596,1
1731935596.6136365,0
1731935596.625048,1
1731935596.6368353,0
1731935596.6490197,1
1731935596.6613343,0
1731935596.6734989,0
1731935596.6851964,1
1731935596.6969457,1
1731935596.7097275,1
1731935596.7219841,1
1731935596.735066,1
1731935596.7475271,0
1731935596.760162,0
1731935596.7743535,0
1731935596.7858214,1
1731935596.7972567,1
1731935596.810231,1
1731935596.8227677,1
1731935596.8352895,1
1731935596.849026,0
1731935596.8615794,0
1731935596.8744004,1
1731935596.8866148,1
1731935596.899493,1
1731935596.9126685,1
1731935596.9245918,1
1731935596.9372506,1
1731935596.951474,1
1731935596.9642565,1
1731935596.9760284,0
1731935596.9885118,1
1731935597.0052598,0
1731935597.0173495,0
1731935597.0311477,1
1731935597.0440059,0
1731935597.0559444,0
1731935597.071342,1
1731935597.0844905,1
1731935597.0963008,1
1731935597.1084588,0
1731935597.1202161,2
1731935597.1329575,1
1731935597.1469624,1
1731935597.1598942,0
1731935597.1777036,3
1731935597.189865,0
1731935597.2028856,0
1731935597.2156472,1
1731935597.2278533,0
1731935597.2418115,0
1731935597.2772698,1
1731935597.2898664,0
1731935597.302005,2
1731935597.313757,1
1731935597.3257427,1
1731935597.3377986,1
1731935597.3509037,1
1731935597.3651454,0
1731935597.3775847,1
1731935597.3916922,1
1731935597.4050016,1
1731935597.4201343,1
1731935597.4334679,3
1731935597.4464748,0
1731935597.4581702,1
1731935597.470306,0
1731935597.4837022,0
1731935597.4992206,1
1731935597.514117,5
1731935597.5256474,2
1731935597.5370634,0
1731935597.5490339,0
1731935597.5618591,2
1731935597.5741634,1
1731935597.5867538,0
1731935597.5999477,0
1731935597.6132414,0
1731935597.624734,0
1731935597.636424,1
1731935597.6485138,1
1731935597.661398,1
1731935597.6735842,0
1731935597.685318,1
1731935597.6977832,0
1731935597.7110915,1
1731935597.7248955,1
1731935597.7382925,0
1731935597.7521489,1
1731935597.7663524,1
1731935597.780269,0
1731935597.7925618,0
1731935597.80455,0
1731935597.8169994,1
1731935597.829523,1
1731935597.843118,1
1731935597.8554232,1
1731935597.8670447,1
1731935597.881336,1
1731935597.8968055,1
1731935597.9102135,2
1731935597.9248385,0
1731935597.937664,1
1731935597.9500782,1
1731935597.9619565,0
1731935597.9741242,0
1731935597.9855566,0
1731935597.9971786,1
1731935598.009396,0
1731935598.0222816,0
1731935598.034788,0
1731935598.047057,1
1731935598.058848,1
1731935598.07195,0
1731935598.0839388,1
1731935598.0970566,1
1731935598.1093965,1
1731935598.1218395,0
1731935598.134334,0
1731935598.1463501,0
1731935598.1579297,0
1731935598.1723096,2
1731935598.1840692,0
1731935598.1956732,1
1731935598.2085648,1
1731935598.221391,2
1731935598.2338037,0
1731935598.2459838,0
1731935598.257733,1
1731935598.2700047,1
1731935598.2829106,0
1731935598.2951066,0
1731935598.3099973,1
1731935598.3243997,0
1731935598.338013,0
1731935598.351545,1
1731935598.3657572,1
1731935598.3771913,0
1731935598.3891954,1
1731935598.4013014,1
1731935598.4143968,1
1731935598.4271312,0
1731935598.439414,1
1731935598.4532938,0
1731935598.4687235,1
1731935598.4833074,1
1731935598.4971447,0
1731935598.5114803,0
1731935598.5238569,0
1731935598.536569,1
1731935598.55102,1
1731935598.562419,1
1731935598.5744212,0
1731935598.585808,1
1731935598.597035,2
1731935598.6090264,0
1731935598.6213813,1
1731935598.6333964,1
1731935598.6455302,2
1731935598.656748,1
1731935598.6689837,0
1731935598.6821012,0
1731935598.6956635,0
1731935598.709152,1
1731935598.721336,0
1731935598.7336447,0
1731935598.7454362,0
1731935598.7569456,1
1731935598.768784,1
1731935598.7818387,0
1731935598.7950175,1
1731935598.8076723,1
1731935598.8201263,1
1731935598.8335705,0
1731935598.8457873,0
1731935598.8576412,1
1731935598.8693428,1
1731935598.8815286,1
1731935598.8940341,0
1731935598.9052703,1
1731935598.9186811,1
1731935598.9324872,1
1731935598.946851,1
1731935598.9615903,0
1731935598.978339,0
1731935598.995082,0
1731935599.0126987,1
1731935599.0254133,0
1731935599.0387845,0
1731935599.0507877,0
1731935599.062414,0
1731935599.0747948,1
1731935599.087064,1
1731935599.0997713,1
1731935599.1122067,0
1731935599.1248245,0
1731935599.1385682,0
1731935599.1516373,1
1731935599.165748,1
1731935599.1781287,1
1731935599.1902158,1
1731935599.2033324,1
1731935599.2162213,0
1731935599.2297142,1
1731935599.2424905,1
1731935599.2555978,0
1731935599.2675252,1
1731935599.2794888,1
1731935599.3053133,0
1731935599.3189063,0
1731935599.3309565,1
1731935599.3455598,1
1731935599.3570328,1
1731935599.3693423,1
1731935599.383337,1
1731935599.3964987,1
1731935599.4095764,1
1731935599.421765,0
1731935599.4344306,0
1731935599.4475124,1
1731935599.461571,1
1731935599.4734612,1
1731935599.4858935,0
1731935599.4991732,1
1731935599.5148969,1
1731935599.526603,0
1731935599.5382712,1
1731935599.5502248,1
1731935599.5621877,0
1731935599.5743775,0
1731935599.5862803,1
1731935599.5980284,1
1731935599.609698,0
1731935599.6216276,1
1731935599.6340716,1
1731935599.6463542,1
1731935599.6582968,1
1731935599.670058,0
1731935599.6822336,1
1731935599.6949646,1
1731935599.7076747,1
1731935599.7192113,0
1731935599.731025,0
1731935599.7436936,0
1731935599.7556381,1
1731935599.76787,0
1731935599.7799296,0
1731935599.7930126,1
1731935599.8058841,2
1731935599.818828,0
1731935599.8306053,0
1731935599.843488,1
1731935599.8561878,0
1731935599.8688552,0
1731935599.8808658,1
1731935599.8936079,1
1731935599.905543,1
1731935599.9171097,0
1731935599.929203,1
1731935599.941921,1
1731935599.9544096,1
1731935599.9663556,0
1731935599.9785304,1
1731935599.990492,1
1731935600.0024476,1
1731935600.014837,0
1731935600.0271437,1
1731935600.03853,1
1731935600.0507226,0
1731935600.0643694,1
1731935600.0763938,1
1731935600.0891247,0
1731935600.1022878,0
1731935600.1149113,1
1731935600.1284864,0
1731935600.1412659,0
1731935600.1534138,1
1731935600.1655588,1
1731935600.1771462,0
1731935600.1902258,0
1731935600.2042115,0
1731935600.2202406,0
1731935600.237189,0
1731935600.2495015,0
1731935600.262666,0
1731935600.2775583,1
1731935600.2906613,0
1731935600.304545,0
1731935600.3199823,0
1731935600.3349004,0
1731935600.3475416,1
1731935600.3595955,0
1731935600.371174,1
1731935600.3829572,1
1731935600.395952,1
1731935600.4095888,1
1731935600.4215112,1
1731935600.4337986,1
1731935600.4453847,0
1731935600.4568834,1
1731935600.4686723,1
1731935600.4813335,0
1731935600.4933882,1
1731935600.5049465,1
1731935600.516926,1
1731935600.5293539,0
1731935600.5428085,0
1731935600.5548797,0
1731935600.567377,0
1731935600.5803661,0
1731935600.5939167,0
1731935600.6064134,1
1731935600.6184886,1
1731935600.6311703,0
1731935600.64437,1
1731935600.6563847,1
1731935600.6715264,0
1731935600.6846693,1
1731935600.6969833,1
1731935600.7115135,1
1731935600.7255142,0
1731935600.7373948,0
1731935600.7511892,1
1731935600.763449,1
1731935600.7777462,1
1731935600.792981,0
1731935600.805433,1
1731935600.8191175,0
1731935600.8315732,1
1731935600.8450181,1
1731935600.8571305,1
1731935600.8691528,0
1731935600.8809447,1
1731935600.893763,0
1731935600.9053288,1
1731935600.9171896,1
1731935600.9290352,1
1731935600.9416947,0
1731935600.9544623,0
1731935600.9667404,0
1731935600.978211,0
1731935600.9898496,1
1731935601.001763,0
1731935601.0139475,0
1731935601.0255942,1
1731935601.0373847,1
1731935601.0491428,1
1731935601.06088,0
1731935601.0724723,0
1731935601.0849879,0
1731935601.097845,1
1731935601.1101382,1
1731935601.1222672,0
1731935601.1350598,0
1731935601.14922,1
1731935601.1623483,1
1731935601.174892,1
1731935601.1869063,0
1731935601.1997578,0
1731935601.2119424,0
1731935601.2245424,0
1731935601.238755,0
1731935601.2527652,1
1731935601.2661967,0
1731935601.2798717,1
1731935601.2921,1
1731935601.3043458,1
1731935601.3168983,1
1731935601.3290398,1
1731935601.3428571,1
1731935601.3562152,0
1731935601.3689198,0
1731935601.381164,1
1731935601.3947759,0
1731935601.4098275,0
1731935601.4231942,1
1731935601.4367857,0
1731935601.4494762,1
1731935601.4614916,0
1731935601.4741147,1
1731935601.4861598,0
1731935601.4981384,0
1731935601.5096383,1
1731935601.5222414,2
1731935601.5366564,0
1731935601.5500522,1
1731935601.5622504,1
1731935601.5754442,1
1731935601.588856,1
1731935601.6007564,0
1731935601.6147008,0
1731935601.6270075,1
1731935601.6399107,1
1731935601.6522603,0
1731935601.6655483,0
1731935601.679004,0
1731935601.6925108,1
1731935601.7057738,1
1731935601.717883,0
1731935601.7301297,0
1731935601.7421947,1
1731935601.754048,1
1731935601.7666461,1
1731935601.7797906,0
1731935601.7920291,0
1731935601.8039327,0
1731935601.8158803,1
1731935601.8277216,1
1731935601.8402283,0
1731935601.8522348,1
1731935601.8674855,1
1731935601.8820305,1
1731935601.895498,1
1731935601.9103723,1
1731935601.9219506,0
1731935601.9363563,0
1731935601.949015,0
1731935601.9615257,0
1731935601.9748354,0
1731935601.9886107,0
1731935602.0025053,1
1731935602.0150473,0
1731935602.0277104,0
1731935602.0407598,1
1731935602.053332,0
1731935602.0661018,0
1731935602.0803483,1
1731935602.0927596,0
1731935602.1065376,0
1731935602.1193182,1
1731935602.131713,0
1731935602.1438825,1
1731935602.1554787,1
1731935602.169107,0
1731935602.182053,0
1731935602.1949732,1
1731935602.2110698,1
1731935602.222891,0
1731935602.2348566,1
1731935602.2465656,1
1731935602.2584715,0
1731935602.270418,0
1731935602.282372,1
1731935602.294487,1
1731935602.3071,0
1731935602.3195941,0
1731935602.3323674,1
1731935602.3450623,0
1731935602.358077,2
1731935602.3722503,1
1731935602.3853562,0
1731935602.398009,1
1731935602.4107788,1
1731935602.423138,1
1731935602.4354234,1
1731935602.4472713,0
1731935602.4597812,0
1731935602.4724674,1
1731935602.485093,0
1731935602.4976077,0
1731935602.5105767,1
1731935602.5228987,1
1731935602.5351403,1
1731935602.5484204,0
1731935602.5635247,0
1731935602.5773191,0
1731935602.5895882,1
1731935602.6018233,0
1731935602.6136308,1
1731935602.626381,0
1731935602.641595,0
1731935602.654039,0
1731935602.6661325,0
1731935602.678836,0
1731935602.6906006,1
1731935602.7029257,1
1731935602.7157075,1
1731935602.7280748,0
1731935602.740928,0
1731935602.7529404,1
1731935602.765809,0
1731935602.7799416,0
1731935602.794797,0
1731935602.8089392,1
1731935602.8215292,1
1731935602.833395,0
1731935602.8452594,1
1731935602.8575025,0
1731935602.8719852,1
1731935602.883891,0
1731935602.897876,0
1731935602.9106011,1
1731935602.9219742,1
1731935602.9337869,0
1731935602.9455204,0
1731935602.9572134,1
1731935602.9694908,0
1731935602.9843004,0
1731935602.9980223,1
1731935603.0097826,1
1731935603.0216184,0
1731935603.0338092,1
1731935603.0457942,0
1731935603.057623,1
1731935603.0698955,1
1731935603.0837808,0
1731935603.09665,0
1731935603.1090407,1
1731935603.1216629,1
1731935603.1342351,0
1731935603.1467495,0
1731935603.158795,0
1731935603.1717024,1
1731935603.1848934,1
1731935603.2004268,1
1731935603.2142005,0
1731935603.22834,0
1731935603.241291,1
1731935603.2549727,1
1731935603.2702918,0
1731935603.2879527,1
1731935603.3017757,0
1731935603.3175602,0
1731935603.33359,1
1731935603.348158,1
1731935603.3625853,0
1731935603.3772,1
1731935603.390213,1
1731935603.4032059,0
1731935603.4159567,0
1731935603.428754,1
1731935603.4415743,1
1731935603.4536538,0
1731935603.4655533,0
1731935603.478603,1
1731935603.4906416,1
1731935603.5029542,0
1731935603.5161107,1
1731935603.5284765,1
1731935603.5418966,1
1731935603.5534708,0
1731935603.5654051,1
1731935603.5780025,0
1731935603.590966,0
1731935603.604125,1
1731935603.6162755,2
1731935603.6281245,0
1731935603.6405451,1
1731935603.6524804,1
1731935603.6646194,0
1731935603.6773586,1
1731935603.6894133,1
1731935603.7012951,1
1731935603.7148206,0
1731935603.729216,1
1731935603.742196,1
1731935603.754324,0
1731935603.766313,0
1731935603.77809,1
1731935603.7898805,0
1731935603.802311,1
1731935603.816023,1
1731935603.8287022,0
1731935603.8436437,1
1731935603.8566208,1
1731935603.8684433,0
1731935603.880655,1
1731935603.8926716,1
1731935603.9061563,0
1731935603.9180455,1
1731935603.9311042,1
1731935603.9446986,0
1731935603.958599,1
1731935603.9729967,1
1731935603.984673,0
1731935603.996315,1
1731935604.009059,1
1731935604.0217257,0
1731935604.033613,1
1731935604.048206,1
1731935604.0618029,0
1731935604.0766673,1
1731935604.091437,1
1731935604.1039875,0
1731935604.1159067,1
1731935604.1277213,0
1731935604.1399655,1
1731935604.1524608,0
1731935604.165852,1
1731935604.178203,1
1731935604.1910532,0
1731935604.2029989,1
1731935604.2160554,0
1731935604.2288923,1
1731935604.2423208,0
1731935604.2559247,1
1731935604.27018,1
1731935604.2825718,0
1731935604.2957435,1
1731935604.308822,0
1731935604.321686,1
1731935604.3342736,1
1731935604.346001,0
1731935604.3586059,0
1731935604.3703542,1
1731935604.3821282,1
1731935604.3940897,0
1731935604.4095657,2
1731935604.4216027,0
1731935604.4336498,0
1731935604.4459894,1
1731935604.4587634,1
1731935604.4705412,0
1731935604.4826405,1
1731935604.4950373,0
1731935604.5079515,1
1731935604.5203369,0
1731935604.532823,0
1731935604.5448213,1
1731935604.5570083,0
1731935604.568786,1
1731935604.581139,0
1731935604.593163,0
1731935604.6055968,0
1731935604.6181483,0
1731935604.630263,1
1731935604.6438305,1
1731935604.6559863,0
1731935604.6699905,1
1731935604.6819024,0
1731935604.6944509,1
1731935604.7068963,0
1731935604.7185488,1
1731935604.7318382,1
1731935604.7440422,0
1731935604.755776,1
1731935604.7677708,1
1731935604.7795548,0
1731935604.7924342,1
1731935604.80528,1
1731935604.8186057,1
1731935604.832051,0
1731935604.8442576,1
1731935604.8586006,1
1731935604.8709798,0
1731935604.8846016,0
1731935604.9076264,0
1731935604.9233387,0
1731935604.9377563,1
1731935604.953397,1
1731935604.9690948,1
1731935604.9849114,1
1731935604.9983263,0
1731935605.009823,1
1731935605.02767,1
1731935605.0412705,0
1731935605.0531354,1
1731935605.0654209,1
1731935605.0771713,1
1731935605.0888445,1
1731935605.1059182,0
1731935605.1175406,0
1731935605.1318328,1
1731935605.1436257,1
1731935605.1553833,0
1731935605.1694684,0
1731935605.1813896,1
1731935605.1932466,1
1731935605.2065997,0
1731935605.2222345,0
1731935605.2351196,1
1731935605.2514174,1
1731935605.2658489,1
1731935605.278362,0
1731935605.2897832,1
1731935605.301221,0
1731935605.3126476,0
1731935605.3259995,1
1731935605.3419204,1
1731935605.354499,0
1731935605.369098,0
1731935605.381078,1
1731935605.393009,0
1731935605.4048822,0
1731935605.4170644,0
1731935605.4285927,0
1731935605.4454296,1
1731935605.4580035,1
1731935605.4697175,0
1731935605.4920273,1
