1731927162.7722075,0
1731927162.7853534,0
1731927162.7973583,0
1731927162.8093162,0
1731927162.820789,0
1731927162.832079,0
1731927162.8448303,0
1731927162.8580518,0
1731927162.8709855,0
1731927162.8850179,0
1731927162.8982792,0
1731927162.9121447,0
1731927162.9262037,0
1731927162.9398558,0
1731927162.9525526,0
1731927162.9665725,0
1731927162.97954,0
1731927162.9916105,0
1731927163.0035963,0
1731927163.0162284,0
1731927163.0280175,0
1731927163.040788,0
1731927163.0524383,0
1731927163.0641086,0
1731927163.077178,0
1731927163.0887141,0
1731927163.1012943,0
1731927163.1128647,0
1731927163.1244993,0
1731927163.1383588,0
1731927163.1525004,0
1731927163.1648047,0
1731927163.177962,0
1731927163.191193,0
1731927163.2042634,0
1731927163.2164977,0
1731927163.2293634,0
1731927163.2418442,0
1731927163.2536473,0
1731927163.2652855,0
1731927163.2775767,0
1731927163.2897007,0
1731927163.3021138,0
1731927163.3137171,0
1731927163.3250806,0
1731927163.3367155,0
1731927163.349353,0
1731927163.3610394,0
1731927163.3737943,0
1731927163.3865912,0
1731927163.4002724,0
1731927163.4127595,0
1731927163.425084,0
1731927163.437296,0
1731927163.4493687,0
1731927163.4621053,0
1731927163.4738173,0
1731927163.4850528,0
1731927163.4967456,0
1731927163.508502,0
1731927163.5223083,0
1731927163.5352929,0
1731927163.5476286,0
1731927163.560367,0
1731927163.5724244,0
1731927163.5848088,0
1731927163.5962458,0
1731927163.6076994,0
1731927163.620973,0
1731927163.633063,0
1731927163.644696,0
1731927163.6562521,0
1731927163.6689596,0
1731927163.6805952,0
1731927163.6933303,0
1731927163.7065604,0
1731927163.7182484,0
1731927163.7305813,0
1731927163.7447267,0
1731927163.7572818,0
1731927163.7719233,0
1731927163.7863371,4
1731927163.7979472,11
1731927163.8109388,29
1731927163.8233325,26
1731927163.838783,40
1731927163.8516843,40
1731927163.8658729,40
1731927163.879034,24
1731927163.8909729,50
1731927163.9037669,100
1731927163.929508,21
1731927163.9432285,29
1731927163.9549093,30
1731927163.9684837,26
1731927163.981951,24
1731927163.9963887,26
1731927164.0099683,23
1731927164.0238473,29
1731927164.0379212,27
1731927164.0515604,26
1731927164.0669923,25
1731927164.082107,28
1731927164.0963247,27
1731927164.1124635,27
1731927164.1243503,26
1731927164.1383111,24
1731927164.1504142,28
1731927164.1622746,27
1731927164.174433,36
1731927164.186788,36
1731927164.1995015,30
1731927164.211217,33
1731927164.2238789,28
1731927164.2373598,29
1731927164.2507002,30
1731927164.2653158,30
1731927164.2790904,29
1731927164.292253,28
1731927164.305009,30
1731927164.3176684,32
1731927164.3312354,33
1731927164.3431737,34
1731927164.356058,33
1731927164.3713858,31
1731927164.384294,30
1731927164.399036,46
1731927164.4113796,35
1731927164.4241762,30
1731927164.4364316,33
1731927164.4501011,33
1731927164.464153,28
1731927164.4810693,24
1731927164.4941607,23
1731927164.510524,25
1731927164.524779,25
1731927164.542464,20
1731927164.5571144,20
1731927164.5694768,19
1731927164.5841362,19
1731927164.59671,22
1731927164.6093783,22
1731927164.6234329,23
1731927164.6364899,26
1731927164.6501286,24
1731927164.6634343,25
1731927164.6793134,19
1731927164.6912086,23
1731927164.7058225,23
1731927164.7174604,22
1731927164.72954,20
1731927164.74216,23
1731927164.754928,22
1731927164.770295,26
1731927164.7819138,27
1731927164.794444,25
1731927164.8075664,22
1731927164.8210642,28
1731927164.8329906,28
1731927164.844926,28
1731927164.8569977,26
1731927164.8708801,25
1731927164.8828309,27
1731927164.8953946,31
1731927164.907352,27
1731927164.9190032,30
1731927164.9313583,32
1731927164.9457796,36
1731927164.958386,37
1731927164.9719021,45
1731927164.9840605,47
1731927164.9963753,56
1731927165.0088484,56
1731927165.0216577,62
1731927165.0369143,70
1731927165.0490985,105
1731927165.0615458,56
1731927165.0774026,53
1731927165.0903451,56
1731927165.105625,54
1731927165.1188083,55
1731927165.130922,57
1731927165.14792,51
1731927165.161337,57
1731927165.174866,52
1731927165.1880991,56
1731927165.2001345,58
1731927165.2140412,61
1731927165.226017,64
1731927165.2406673,62
1731927165.2531009,66
1731927165.2694147,74
1731927165.2821393,78
1731927165.2933035,65
1731927165.3061502,66
1731927165.3208413,71
1731927165.3339875,72
1731927165.3495688,59
1731927165.3685913,52
1731927165.3817859,46
1731927165.3961506,50
1731927165.409537,58
1731927165.4227107,61
1731927165.434404,53
1731927165.4461508,67
1731927165.4583707,64
1731927165.4718697,72
1731927165.483535,67
1731927165.4960794,69
1731927165.5113387,62
1731927165.5232985,53
1731927165.5353,53
1731927165.5501266,44
1731927165.5649023,46
1731927165.5770745,48
1731927165.5904348,53
1731927165.6030269,53
1731927165.6143408,56
1731927165.6259255,59
1731927165.6397288,105
1731927165.652691,68
1731927165.6657088,61
1731927165.6789188,60
1731927165.6924906,54
1731927165.705694,53
1731927165.7177937,52
1731927165.7338896,48
1731927165.748147,59
1731927165.7610025,45
1731927165.7766795,42
1731927165.791331,47
1731927165.8054073,54
1731927165.823576,51
1731927165.8374898,46
1731927165.8507762,56
1731927165.8659935,50
1731927165.8790538,56
1731927165.8928194,52
1731927165.9061491,56
1731927165.9205976,54
1731927165.9336052,55
1731927165.9500883,51
1731927165.9646454,59
1731927165.9774616,51
1731927165.9898984,46
1731927166.0046253,51
1731927166.017683,50
1731927166.0304916,49
1731927166.0473063,49
1731927166.0593212,48
1731927166.07288,49
1731927166.0872254,48
1731927166.1045296,46
1731927166.1195223,52
1731927166.1339233,49
1731927166.1471334,43
1731927166.1604323,44
1731927166.173058,47
1731927166.1898916,47
1731927166.2091496,45
1731927166.222572,39
1731927166.2359195,34
1731927166.2493982,37
1731927166.2612743,37
1731927166.2749178,38
1731927166.2872698,40
1731927166.2991848,38
1731927166.312401,42
1731927166.3241725,41
1731927166.3366125,44
1731927166.3486712,47
1731927166.3658502,52
1731927166.3818839,46
1731927166.3942459,42
1731927166.406606,41
1731927166.4189131,105
1731927166.4335787,47
1731927166.4484286,38
1731927166.4631736,48
1731927166.4754832,46
1731927166.4884489,41
1731927166.5023174,47
1731927166.515063,48
1731927166.527249,62
1731927166.5401402,103
1731927166.553524,64
1731927166.565819,48
1731927166.5794053,53
1731927166.5919595,52
1731927166.6086075,53
1731927166.621346,53
1731927166.6332088,49
1731927166.645823,51
1731927166.6583793,50
1731927166.6703842,54
1731927166.6817079,49
1731927166.6945126,44
1731927166.707405,47
1731927166.7218673,51
1731927166.733655,54
1731927166.7461932,48
1731927166.7598677,49
1731927166.773643,47
1731927166.7866185,44
1731927166.8027043,46
1731927166.81715,48
1731927166.832786,102
1731927166.845626,52
1731927166.85906,64
1731927166.872408,60
1731927166.8876526,65
1731927166.9029274,55
1731927166.917492,52
1731927166.9321196,49
1731927166.9468558,48
1731927166.9597423,63
1731927166.9720268,105
1731927166.9838955,52
1731927166.9976683,59
1731927167.0105517,62
1731927167.0234857,58
1731927167.036499,56
1731927167.048858,61
1731927167.0635176,56
1731927167.078051,50
1731927167.0911872,51
1731927167.104034,51
1731927167.117272,47
1731927167.129965,48
1731927167.1421547,42
1731927167.1559792,49
1731927167.1678796,50
1731927167.1810682,42
1731927167.1951387,48
1731927167.2069952,48
1731927167.2199898,49
1731927167.2349062,52
1731927167.2462974,44
1731927167.2590296,51
1731927167.2757235,44
1731927167.2891624,46
1731927167.3056612,45
1731927167.3203301,48
1731927167.3333335,45
1731927167.3466003,46
1731927167.363787,42
1731927167.376509,41
1731927167.3899927,37
1731927167.4044516,35
1731927167.4174867,32
1731927167.430344,44
1731927167.444,46
1731927167.455875,44
1731927167.470368,38
1731927167.4830804,40
1731927167.4964297,41
1731927167.511165,37
1731927167.5278966,41
1731927167.54213,45
1731927167.5561826,37
1731927167.5691137,37
1731927167.5812094,36
1731927167.5929594,40
1731927167.6062677,43
1731927167.6183887,42
1731927167.6324465,44
1731927167.6460323,47
1731927167.6590252,41
1731927167.6718495,41
1731927167.6843007,43
1731927167.697528,43
1731927167.709572,42
1731927167.7225602,44
1731927167.739236,36
1731927167.7520795,38
1731927167.7672026,34
1731927167.7792857,35
1731927167.7924492,34
1731927167.8071964,32
1731927167.821327,32
1731927167.8327494,34
1731927167.8457987,33
1731927167.8575668,34
1731927167.8726945,30
1731927167.8844368,31
1731927167.8972943,31
1731927167.9098918,31
1731927167.9221184,30
1731927167.9352083,31
1731927167.950569,34
1731927167.9632103,28
1731927167.9771938,28
1731927167.9893527,30
1731927168.0048673,28
1731927168.0166018,27
1731927168.0290728,27
1731927168.0448937,29
1731927168.0596037,28
1731927168.0732968,30
1731927168.0870218,31
1731927168.0994616,34
1731927168.113783,39
1731927168.130171,29
1731927168.1472483,30
1731927168.160513,29
1731927168.1739914,26
1731927168.1865683,28
1731927168.1984682,28
1731927168.2104552,29
1731927168.2243426,27
1731927168.2390444,28
1731927168.2519763,27
1731927168.2638583,28
1731927168.276663,30
1731927168.2895787,32
1731927168.3022814,33
1731927168.3138826,35
1731927168.325217,35
1731927168.338999,33
1731927168.3521376,34
1731927168.3641171,31
1731927168.3755949,26
1731927168.38767,26
1731927168.4032562,25
1731927168.4146163,25
1731927168.4265234,26
1731927168.4381483,24
1731927168.450202,24
1731927168.4651117,24
1731927168.4769163,25
1731927168.4887447,27
1731927168.503035,24
1731927168.515192,24
1731927168.526469,28
1731927168.5436237,29
1731927168.5565784,26
1731927168.577538,27
1731927168.589736,30
1731927168.605366,33
1731927168.616784,36
1731927168.628364,33
1731927168.6403272,30
1731927168.652737,30
1731927168.666604,32
1731927168.6779315,33
1731927168.6899633,31
1731927168.7033167,29
1731927168.715718,30
1731927168.7283623,30
1731927168.7402542,32
1731927168.7527015,31
1731927168.7677834,33
1731927168.7791176,32
1731927168.7918391,32
1731927168.8049793,30
1731927168.817371,29
1731927168.830067,33
1731927168.8428054,30
1731927168.8583999,34
1731927168.8704119,30
1731927168.882129,31
1731927168.8943546,34
1731927168.907102,31
1731927168.9187262,34
1731927168.930299,33
1731927168.9448478,35
1731927168.9580545,39
1731927168.971552,38
1731927168.9868789,38
1731927169.0001855,34
1731927169.0136473,32
1731927169.0294013,35
1731927169.0417025,34
1731927169.0545201,32
1731927169.0666602,33
1731927169.0810323,33
1731927169.0936718,34
1731927169.1061957,34
1731927169.1213062,36
1731927169.1333792,37
1731927169.1471052,34
1731927169.1625345,39
1731927169.1785545,36
1731927169.1923935,36
1731927169.2047453,34
1731927169.2204843,35
1731927169.236,37
1731927169.2505252,40
1731927169.2632818,42
1731927169.2760518,40
1731927169.2905078,38
1731927169.3039658,39
1731927169.3161898,45
1731927169.3286304,44
1731927169.3435757,48
1731927169.3561826,42
1731927169.36944,39
1731927169.3821557,42
1731927169.39383,39
1731927169.408565,41
1731927169.4237971,41
1731927169.441786,41
1731927169.4556944,44
1731927169.468605,40
1731927169.4819946,42
1731927169.4945927,42
1731927169.5109308,37
1731927169.5230134,36
1731927169.5373766,34
1731927169.5497634,36
1731927169.5644271,34
1731927169.5776517,32
1731927169.5903678,33
1731927169.6057675,30
1731927169.6190825,32
1731927169.635062,31
1731927169.648791,32
1731927169.6611454,30
1731927169.6752138,30
1731927169.688242,31
1731927169.7000237,33
1731927169.715494,31
1731927169.726729,32
1731927169.744087,32
1731927169.758095,32
1731927169.7751667,33
1731927169.7890954,31
1731927169.8027961,33
1731927169.816682,32
1731927169.8295054,32
1731927169.8428996,35
1731927169.8618138,36
1731927169.877938,35
1731927169.8903785,34
1731927169.9031997,36
1731927169.9156873,37
1731927169.930776,35
1731927169.9435422,35
1731927169.9554439,36
1731927169.9684353,33
1731927169.9802616,34
1731927169.992632,38
1731927170.0044708,40
1731927170.0163937,42
1731927170.0287797,41
1731927170.0422952,40
1731927170.054366,40
1731927170.066856,39
1731927170.0789034,39
1731927170.0905771,46
1731927170.1049364,49
1731927170.1175778,45
1731927170.136929,44
1731927170.1519225,34
1731927170.1650507,36
1731927170.177655,37
1731927170.1949434,40
1731927170.2080138,39
1731927170.2245545,40
1731927170.238873,38
1731927170.253769,33
1731927170.266823,38
1731927170.2809863,35
1731927170.2936416,38
1731927170.3125231,45
1731927170.3276343,43
1731927170.3478522,47
1731927170.3614676,47
1731927170.3779674,49
1731927170.3922403,51
1731927170.4053538,45
1731927170.4194345,49
1731927170.4334888,48
1731927170.4469626,53
1731927170.4593072,53
1731927170.473397,53
1731927170.4871905,54
1731927170.5034602,54
1731927170.5165431,49
1731927170.529064,45
1731927170.5414102,49
1731927170.5592558,48
1731927170.5720015,48
1731927170.5848742,46
1731927170.5982287,49
1731927170.611048,46
1731927170.625044,44
1731927170.642144,46
1731927170.6552145,39
1731927170.669547,42
1731927170.6843934,42
1731927170.704536,43
1731927170.7174757,43
1731927170.7300992,51
1731927170.7427068,57
1731927170.7560167,51
1731927170.7692485,46
1731927170.7809992,46
1731927170.793208,48
1731927170.8084686,42
1731927170.8216572,49
1731927170.8458266,50
1731927170.8584378,31
1731927170.8709064,28
1731927170.884374,35
1731927170.8958747,29
1731927170.909194,33
1731927170.9222062,28
1731927170.9354756,30
1731927170.9473946,29
1731927170.960162,29
1731927170.9722123,28
1731927170.9836159,29
1731927170.9971478,28
1731927171.0116029,30
1731927171.0232599,28
1731927171.0355065,26
1731927171.0484676,26
1731927171.0602176,27
1731927171.0743291,27
1731927171.087264,28
1731927171.103802,27
1731927171.1161628,28
1731927171.129356,24
1731927171.1430602,31
1731927171.1555922,27
1731927171.168261,27
1731927171.1840293,29
1731927171.1965158,33
1731927171.212927,29
1731927171.2245142,29
1731927171.2367418,30
1731927171.248003,27
1731927171.2607186,28
1731927171.2743683,31
1731927171.2859848,33
1731927171.2993686,32
1731927171.3111224,31
1731927171.3240619,35
1731927171.3360946,33
1731927171.3482227,33
1731927171.3608317,31
1731927171.3763123,44
1731927171.388842,102
1731927171.4032114,38
1731927171.4174662,38
1731927171.429316,38
1731927171.4443038,35
1731927171.4603734,42
1731927171.474432,42
1731927171.4881895,41
1731927171.5019822,37
1731927171.5136132,36
1731927171.528832,34
1731927171.5411038,37
1731927171.5533013,36
1731927171.5663195,34
1731927171.5783584,35
1731927171.5898209,36
1731927171.604333,29
1731927171.616878,32
1731927171.6300414,33
1731927171.6419728,31
1731927171.6540036,30
1731927171.6665907,33
1731927171.6797564,33
1731927171.6919303,31
1731927171.7048683,31
1731927171.7170284,31
1731927171.7283838,50
1731927171.7423236,102
1731927171.7552617,39
1731927171.7717519,38
1731927171.7881303,40
1731927171.8018239,38
1731927171.814032,40
1731927171.8277147,40
1731927171.8424606,33
1731927171.856233,37
1731927171.8727584,37
1731927171.8895354,38
1731927171.902886,37
1731927171.915038,39
1731927171.9268675,34
1731927171.9404738,33
1731927171.9560814,47
1731927171.968708,34
1731927171.9839318,40
1731927171.9968855,36
1731927172.015029,34
1731927172.029017,32
1731927172.0420225,34
1731927172.058207,33
1731927172.0721297,35
1731927172.0840383,36
1731927172.0982535,41
1731927172.112408,49
1731927172.125385,44
1731927172.1429923,45
1731927172.1568878,41
1731927172.1695151,44
1731927172.1810808,44
1731927172.1949205,44
1731927172.2065012,42
1731927172.219632,39
1731927172.2339246,39
1731927172.2457826,37
1731927172.2576354,38
1731927172.2715497,38
1731927172.2829258,39
1731927172.294827,35
1731927172.309953,34
1731927172.3235812,36
1731927172.3373816,40
1731927172.3509903,39
1731927172.3622887,40
1731927172.3763797,34
1731927172.3888543,35
1731927172.4010308,37
1731927172.4139485,36
1731927172.4288132,104
1731927172.4429097,36
1731927172.4574368,38
1731927172.4708161,47
1731927172.4831982,35
1731927172.4945323,33
1731927172.5068412,36
1731927172.5189345,42
1731927172.5338576,37
1731927172.546739,40
1731927172.5604823,37
1731927172.5769043,36
1731927172.5883074,35
1731927172.6018834,35
1731927172.6138256,33
1731927172.625754,38
1731927172.637905,36
1731927172.6513379,35
1731927172.6637406,33
1731927172.6760862,36
1731927172.6888077,35
1731927172.701027,34
1731927172.7140594,37
1731927172.7254477,35
1731927172.7377937,38
1731927172.7495897,35
1731927172.763989,30
1731927172.7760136,36
1731927172.790127,34
1731927172.8067486,36
1731927172.8193336,36
1731927172.832981,32
1731927172.8463361,37
1731927172.8604612,35
1731927172.8766274,36
1731927172.8911412,30
1731927172.9058845,31
1731927172.9176934,33
1731927172.9309258,33
1731927172.944763,33
1731927172.9583519,31
1731927172.9717524,31
1731927172.985943,29
1731927172.9980872,32
1731927173.0110927,34
1731927173.024623,34
1731927173.0379255,37
1731927173.051895,33
1731927173.0645504,33
1731927173.0767019,34
1731927173.0900512,34
1731927173.1043723,36
1731927173.1160846,37
1731927173.1278105,32
1731927173.1414995,31
1731927173.154084,32
1731927173.1690364,31
1731927173.1808739,33
1731927173.193028,34
1731927173.2046618,38
1731927173.2195976,35
1731927173.2320056,35
1731927173.2451036,38
1731927173.2573316,35
1731927173.2713962,31
1731927173.285143,34
1731927173.2977211,34
1731927173.3098373,32
1731927173.321885,32
1731927173.337304,34
1731927173.352015,33
1731927173.363887,30
1731927173.3776155,32
1731927173.392843,31
1731927173.4097428,31
1731927173.422989,31
1731927173.4357584,29
1731927173.4485,34
1731927173.4622898,31
1731927173.473908,32
1731927173.4883113,32
1731927173.5029516,103
1731927173.5188136,40
1731927173.5323303,40
1731927173.5443344,38
1731927173.5562356,35
1731927173.5702453,39
1731927173.582598,35
1731927173.5982068,64
1731927173.6118507,98
1731927173.624627,32
1731927173.640148,34
1731927173.6521099,33
1731927173.66332,35
1731927173.6755154,34
1731927173.6869648,34
1731927173.7013874,34
1731927173.71334,36
1731927173.725017,34
1731927173.7368455,37
1731927173.7486458,37
1731927173.7626042,36
1731927173.7778919,38
1731927173.7898836,37
1731927173.812896,19
1731927173.8252695,16
1731927173.838142,17
1731927173.8530722,16
1731927173.8651774,16
1731927173.8770046,16
1731927173.8904858,19
1731927173.9040418,16
1731927173.9156904,16
1731927173.9303052,17
1731927173.943766,16
1731927173.9566293,16
1731927173.968748,17
1731927173.9820395,19
1731927173.9939935,16
1731927174.0054374,16
1731927174.0170388,16
1731927174.0286927,16
1731927174.041831,17
1731927174.0552046,16
1731927174.0700574,16
1731927174.0846605,16
1731927174.097618,16
1731927174.1118402,16
1731927174.1322196,17
1731927174.1486373,16
1731927174.1704347,16
1731927174.1867678,16
1731927174.1991503,17
1731927174.2119017,16
1731927174.2262652,17
1731927174.238048,17
1731927174.2517717,16
1731927174.2665095,16
1731927174.2787924,16
1731927174.2900732,17
1731927174.3050973,16
1731927174.318545,16
1731927174.3305008,16
1731927174.342521,16
1731927174.3540902,17
1731927174.3692117,16
1731927174.3810856,16
1731927174.3942728,16
1731927174.4073055,17
1731927174.41973,16
1731927174.4318228,16
1731927174.4439828,16
1731927174.457668,16
1731927174.4703012,17
1731927174.4819577,16
1731927174.494416,17
1731927174.5086381,16
1731927174.5204842,16
1731927174.5338058,16
1731927174.545742,16
1731927174.560379,16
1731927174.5730038,16
1731927174.5865273,16
1731927174.604026,16
1731927174.6197987,16
1731927174.6370149,16
1731927174.6512527,16
1731927174.6624782,16
1731927174.6750326,19
1731927174.6891146,16
1731927174.7018833,16
1731927174.7207892,16
1731927174.7335246,16
