1731935396.1845696,0
1731935396.196994,0
1731935396.2091742,0
1731935396.2214737,0
1731935396.2339678,0
1731935396.2462265,0
1731935396.2585475,0
1731935396.2713444,0
1731935396.2829857,0
1731935396.2955043,0
1731935396.30773,0
1731935396.3203197,0
1731935396.332169,0
1731935396.3441746,0
1731935396.3570666,0
1731935396.3703682,0
1731935396.38244,0
1731935396.3943315,0
1731935396.4061894,0
1731935396.4183066,0
1731935396.4309974,0
1731935396.4445662,0
1731935396.456737,0
1731935396.4705243,0
1731935396.4839504,0
1731935396.4961774,0
1731935396.5082788,0
1731935396.520885,0
1731935396.5333784,0
1731935396.5454047,0
1731935396.557663,0
1731935396.5699246,0
1731935396.5823727,0
1731935396.5943284,0
1731935396.6062253,0
1731935396.6179242,0
1731935396.6300194,0
1731935396.642779,0
1731935396.6549115,0
1731935396.6684754,0
1731935396.6815674,0
1731935396.6935546,0
1731935396.7060485,0
1731935396.718475,0
1731935396.7307847,0
1731935396.7440848,0
1731935396.757502,0
1731935396.769922,0
1731935396.7824516,0
1731935396.7945445,0
1731935396.8075655,0
1731935396.8196843,0
1731935396.8322651,0
1731935396.8447123,0
1731935396.857521,0
1731935396.8705907,0
1731935396.8829362,0
1731935396.8960848,0
1731935396.9082043,0
1731935396.9205983,0
1731935396.9332485,0
1731935396.9456687,0
1731935396.958179,0
1731935396.970655,0
1731935396.9829724,0
1731935396.9959848,0
1731935397.0084639,0
1731935397.0204437,0
1731935397.0325067,0
1731935397.0447323,0
1731935397.0579445,0
1731935397.0707552,0
1731935397.082412,0
1731935397.0954578,0
1731935397.108397,0
1731935397.120249,0
1731935397.133226,0
1731935397.1455173,0
1731935397.1581771,0
1731935397.1710038,0
1731935397.1847641,0
1731935397.196843,1
1731935397.2099016,3
1731935397.2221909,1
1731935397.2347941,1
1731935397.2464926,1
1731935397.2593412,2
1731935397.2709405,1
1731935397.2832146,1
1731935397.2949865,2
1731935397.3067164,0
1731935397.318498,1
1731935397.3305976,1
1731935397.3424466,1
1731935397.3539934,2
1731935397.3657653,1
1731935397.3776653,2
1731935397.389759,2
1731935397.4018526,1
1731935397.4139745,2
1731935397.425575,3
1731935397.4375405,1
1731935397.449356,2
1731935397.4621978,1
1731935397.4743917,0
1731935397.4868853,3
1731935397.5002108,1
1731935397.513388,3
1731935397.5254114,2
1731935397.538085,1
1731935397.551438,1
1731935397.563591,3
1731935397.5760632,0
1731935397.5885446,3
1731935397.6006076,0
1731935397.6137002,1
1731935397.625728,2
1731935397.638793,2
1731935397.6514673,1
1731935397.6646535,2
1731935397.6770744,2
1731935397.6900837,1
1731935397.702498,2
1731935397.7161474,2
1731935397.7284584,0
1731935397.742182,2
1731935397.7549238,0
1731935397.767177,1
1731935397.7792666,4
1731935397.791411,1
1731935397.8040817,2
1731935397.8167293,1
1731935397.8296018,2
1731935397.8434958,1
1731935397.8571713,3
1731935397.8698003,3
1731935397.8821256,0
1731935397.8943079,2
1731935397.9069872,1
1731935397.919347,0
1731935397.9321983,3
1731935397.9448395,2
1731935397.9570975,0
1731935397.9692864,1
1731935397.9812539,2
1731935397.9931495,2
1731935398.006141,0
1731935398.0190423,3
1731935398.0317845,2
1731935398.0443497,0
1731935398.0571227,1
1731935398.0691695,2
1731935398.0812306,0
1731935398.0932422,2
1731935398.1060023,3
1731935398.1185083,0
1731935398.1308582,0
1731935398.143139,2
1731935398.156608,0
1731935398.1688364,2
1731935398.1814728,0
1731935398.1939812,3
1731935398.2075458,1
1731935398.219718,0
1731935398.2317705,1
1731935398.2446406,2
1731935398.2583566,1
1731935398.2717292,3
1731935398.284506,2
1731935398.297647,0
1731935398.3102143,0
1731935398.3235903,2
1731935398.3355913,1
1731935398.3489056,2
1731935398.3622892,0
1731935398.3750246,2
1731935398.3866856,1
1731935398.400242,0
1731935398.412907,0
1731935398.425121,3
1731935398.4373314,1
1731935398.4506435,2
1731935398.46278,2
1731935398.4751616,2
1731935398.4873657,0
1731935398.5000877,0
1731935398.5119739,1
1731935398.52386,1
1731935398.5357285,2
1731935398.549637,1
1731935398.5624766,3
1731935398.575203,2
1731935398.58706,0
1731935398.6004255,0
1731935398.6126769,3
1731935398.6251125,0
1731935398.6370945,1
1731935398.6488764,3
1731935398.6614647,2
1731935398.6737106,1
1731935398.6853187,0
1731935398.6974518,1
1731935398.7103927,2
1731935398.7223654,3
1731935398.7355816,1
1731935398.7484398,1
1731935398.760826,3
1731935398.7737703,2
1731935398.7853713,0
1731935398.7979436,0
1731935398.8110836,3
1731935398.8232136,0
1731935398.836242,0
1731935398.8486557,2
1731935398.8616202,2
1731935398.8739197,3
1731935398.8862216,0
1731935398.8982248,0
1731935398.9107022,1
1731935398.924324,1
1731935398.9367394,3
1731935398.9485807,0
1731935398.9606972,2
1731935398.9735665,3
1731935398.9858637,2
1731935398.9981422,0
1731935399.0100884,0
1731935399.0223176,3
1731935399.034044,0
1731935399.0458467,1
1731935399.0579095,2
1731935399.070004,2
1731935399.083167,3
1731935399.094675,0
1731935399.1070728,0
1731935399.1189075,2
1731935399.1317387,2
1731935399.1438556,2
1731935399.1556919,2
1731935399.1675143,0
1731935399.1793773,2
1731935399.1914837,3
1731935399.2049136,2
1731935399.2178655,0
1731935399.229798,0
1731935399.2419832,4
1731935399.2546074,0
1731935399.2670453,1
1731935399.2789767,2
1731935399.291061,1
1731935399.303693,3
1731935399.3162367,2
1731935399.3289447,0
1731935399.34179,2
1731935399.3537023,2
1731935399.3666055,1
1731935399.3785086,3
1731935399.3908043,1
1731935399.4031522,0
1731935399.4167519,2
1731935399.4287834,1
1731935399.4416673,2
1731935399.4547243,0
1731935399.467505,1
1731935399.4787276,2
1731935399.4909759,0
1731935399.5037365,0
1731935399.515785,2
1731935399.5288064,2
1731935399.541659,2
1731935399.554492,1
1731935399.5661597,0
1731935399.578475,2
1731935399.5909324,1
1731935399.6037881,0
1731935399.6160371,4
1731935399.6289442,1
1731935399.6410038,0
1731935399.6529043,1
1731935399.6654181,2
1731935399.6769192,2
1731935399.690001,3
1731935399.7024639,0
1731935399.7146373,2
1731935399.727032,0
1731935399.7394595,0
1731935399.7515132,0
1731935399.763139,1
1731935399.7755814,3
1731935399.787551,4
1731935399.7997718,2
1731935399.8114367,0
1731935399.8236847,1
1731935399.836137,0
1731935399.8486037,2
1731935399.8609793,3
1731935399.8738806,4
1731935399.8854554,0
1731935399.8983066,0
1731935399.9106114,2
1731935399.9222147,2
1731935399.93371,4
1731935399.9462392,1
1731935399.9578085,0
1731935399.969572,1
1731935399.9817293,1
1731935399.9935484,0
1731935400.0061808,1
1731935400.018099,1
1731935400.0303333,1
1731935400.0426884,3
1731935400.0551891,3
1731935400.0675395,0
1731935400.0795913,0
1731935400.0925949,1
1731935400.1052964,2
1731935400.116918,1
1731935400.1290503,3
1731935400.1425774,2
1731935400.1550224,0
1731935400.1670883,0
1731935400.1793473,2
1731935400.1917706,3
1731935400.203772,4
1731935400.2152183,0
1731935400.227306,0
1731935400.240618,2
1731935400.253572,1
1731935400.2655845,0
1731935400.2774472,1
1731935400.289599,2
1731935400.3017948,4
1731935400.3142607,3
1731935400.3262362,1
1731935400.3389351,0
1731935400.3515403,1
1731935400.3646219,0
1731935400.3768654,3
1731935400.3892043,2
1731935400.401537,2
1731935400.4140208,1
1731935400.4259255,0
1731935400.4377742,0
1731935400.449909,3
1731935400.4625,3
1731935400.475727,3
1731935400.4878206,0
1731935400.5000484,0
1731935400.5128386,1
1731935400.5264804,0
1731935400.5386934,0
1731935400.5505617,3
1731935400.5621898,4
1731935400.575772,1
1731935400.5878327,0
1731935400.6000473,1
1731935400.612121,2
1731935400.6242237,3
1731935400.6362157,2
1731935400.6482005,1
1731935400.6609123,1
1731935400.6735063,5
1731935400.6851926,3
1731935400.6981235,0
1731935400.7104385,0
1731935400.723214,1
1731935400.7347178,0
1731935400.7469032,2
1731935400.7588105,5
1731935400.7711914,3
1731935400.78361,0
1731935400.7957041,1
1731935400.8086078,2
1731935400.821322,3
1731935400.833867,3
1731935400.8464592,1
1731935400.858632,5
1731935400.871401,4
1731935400.8839,0
1731935400.8965375,2
1731935400.909351,0
1731935400.9225795,5
1731935400.9354465,3
1731935400.9475482,1
1731935400.9600391,2
1731935400.9716802,2
1731935400.9842145,3
1731935400.9961402,1
1731935401.0094023,2
1731935401.0218687,3
1731935401.034092,1
1731935401.0463798,0
1731935401.0600197,2
1731935401.071336,1
1731935401.0840743,3
1731935401.0955324,3
1731935401.1079533,1
1731935401.119247,2
1731935401.1316283,2
1731935401.143596,3
1731935401.15714,4
1731935401.1687875,1
1731935401.1808326,3
1731935401.1923873,3
1731935401.2042224,0
1731935401.21618,1
1731935401.2280436,1
1731935401.2401881,1
1731935401.2520885,2
1731935401.2636576,2
1731935401.2755537,0
1731935401.2875063,3
1731935401.2993906,1
1731935401.3121018,2
1731935401.3240862,4
1731935401.3358412,0
1731935401.3477151,3
1731935401.359978,3
1731935401.3720129,0
1731935401.3840308,0
1731935401.3956459,2
1731935401.407533,0
1731935401.4191825,2
1731935401.431104,3
1731935401.4427722,2
1731935401.4550118,1
1731935401.4665682,3
1731935401.4780965,2
1731935401.4899106,3
1731935401.5018058,1
1731935401.5144048,2
1731935401.5263598,3
1731935401.5386016,3
1731935401.5502255,0
1731935401.5621455,1
1731935401.5761654,0
1731935401.588651,1
1731935401.6018646,3
1731935401.6140826,3
1731935401.6266866,0
1731935401.6390538,2
1731935401.650834,2
1731935401.6624951,3
1731935401.6748075,3
1731935401.6874604,0
1731935401.700664,2
1731935401.7130594,2
1731935401.7251818,1
1731935401.738115,0
1731935401.7501338,2
1731935401.7622015,0
1731935401.774656,3
1731935401.7871408,3
1731935401.7993631,3
1731935401.8124473,1
1731935401.8243825,2
1731935401.8369553,2
1731935401.8491228,3
1731935401.8608713,3
1731935401.8737745,0
1731935401.8858452,3
1731935401.8990052,3
1731935401.9124486,2
1731935401.924291,0
1731935401.9362614,3
1731935401.9483802,0
1731935401.9600105,2
1731935401.9718485,3
1731935401.9844537,2
1731935401.9993985,1
1731935402.0114155,1
1731935402.0234747,2
1731935402.0364103,3
1731935402.0485792,4
1731935402.0605404,0
1731935402.0733688,3
1731935402.085516,3
1731935402.0985937,2
1731935402.1105447,0
1731935402.12292,2
1731935402.134631,0
1731935402.1468143,1
1731935402.15948,3
1731935402.1714718,2
1731935402.1842647,1
1731935402.1969326,1
1731935402.2097497,2
1731935402.2215455,2
1731935402.2336833,3
1731935402.2462127,2
1731935402.2587752,0
1731935402.2715726,3
1731935402.2835338,2
1731935402.2957423,2
1731935402.3094769,0
1731935402.3226583,4
1731935402.3350592,0
1731935402.347079,2
1731935402.3591142,2
1731935402.3713152,3
1731935402.3837469,0
1731935402.3957262,1
1731935402.408142,3
1731935402.4210029,3
1731935402.4327896,4
1731935402.4447234,1
1731935402.457286,0
1731935402.4693325,2
1731935402.482353,3
1731935402.4942973,2
1731935402.5065622,0
1731935402.519015,4
1731935402.5321953,0
1731935402.5442085,2
1731935402.5571742,3
1731935402.568885,3
1731935402.5817327,0
1731935402.5938663,1
1731935402.6060698,3
1731935402.6180918,3
1731935402.6300745,2
1731935402.642542,1
1731935402.6552804,0
1731935402.6674747,3
1731935402.6799908,2
1731935402.6922948,2
1731935402.7057588,0
1731935402.7175763,4
1731935402.729449,0
1731935402.7418277,2
1731935402.7551563,3
1731935402.767502,3
1731935402.7797327,2
1731935402.7918582,1
1731935402.8047054,3
1731935402.8169668,4
1731935402.829257,3
1731935402.842027,2
1731935402.8551066,0
1731935402.8670137,3
1731935402.878907,3
1731935402.8910487,3
1731935402.9034517,0
1731935402.9159245,3
1731935402.9276483,1
1731935402.9394126,2
1731935402.9524543,2
1731935402.9654915,3
1731935402.9776323,2
1731935402.9901938,1
1731935403.0021262,3
1731935403.0139377,2
1731935403.0273838,3
1731935403.0396311,3
1731935403.0522714,0
1731935403.065171,3
1731935403.0777605,4
1731935403.090077,4
1731935403.1022532,0
1731935403.1141586,3
1731935403.1264744,1
1731935403.1400402,1
1731935403.1521196,2
1731935403.1648855,2
1731935403.1777143,4
1731935403.1896605,0
1731935403.2020912,2
1731935403.215824,1
1731935403.2287502,2
1731935403.241025,3
1731935403.2537804,0
1731935403.2660067,3
1731935403.279528,3
1731935403.2917864,4
1731935403.3039656,0
1731935403.315758,3
1731935403.3290203,1
1731935403.3413935,1
1731935403.3545682,2
1731935403.3666165,3
1731935403.3795164,3
1731935403.3916821,0
1731935403.4046688,1
1731935403.416509,1
1731935403.4296572,3
1731935403.4425335,2
1731935403.4548545,1
1731935403.4677346,2
1731935403.479691,3
1731935403.4928663,3
1731935403.5052426,0
1731935403.5170612,1
1731935403.530643,2
1731935403.5425465,0
1731935403.5545256,2
1731935403.566517,4
1731935403.5786068,4
1731935403.5905151,1
1731935403.6036532,1
1731935403.616023,2
1731935403.62905,2
1731935403.6418166,3
1731935403.654772,2
1731935403.6663918,0
1731935403.679445,3
1731935403.6922853,3
1731935403.7045724,1
1731935403.716749,0
1731935403.7293038,3
1731935403.7424567,0
1731935403.7551708,2
1731935403.7672393,3
1731935403.7791855,3
1731935403.791195,2
1731935403.8030925,1
1731935403.8155177,2
1731935403.8281312,2
1731935403.84066,3
1731935403.8537703,3
1731935403.8660955,0
1731935403.8780258,2
1731935403.8901167,2
1731935403.902901,3
1731935403.9150636,0
1731935403.9265695,1
1731935403.939384,2
1731935403.9516928,0
1731935403.9650733,2
1731935403.9769604,3
1731935403.989562,3
1731935404.0013776,0
1731935404.0133808,1
1731935404.0255768,2
1731935404.0374584,3
1731935404.0496607,3
1731935404.061542,2
1731935404.0742195,0
1731935404.0858486,3
1731935404.0981758,3
1731935404.1105351,3
1731935404.1225147,0
1731935404.1349432,1
1731935404.1469724,2
1731935404.1590528,0
1731935404.1713126,2
1731935404.1829023,3
1731935404.1954937,2
1731935404.208934,0
1731935404.2221215,1
1731935404.234631,2
1731935404.2471335,3
1731935404.2593474,3
1731935404.2714932,0
1731935404.2837234,1
1731935404.2967877,2
1731935404.3093855,3
1731935404.3223479,1
1731935404.334497,0
1731935404.3468418,3
1731935404.3588252,0
1731935404.3717403,2
1731935404.383809,3
1731935404.3956213,3
1731935404.4082315,2
1731935404.4210215,1
1731935404.4332516,2
1731935404.4450128,2
1731935404.457565,3
1731935404.4695537,3
1731935404.4810767,0
1731935404.493649,1
1731935404.5058663,2
1731935404.5171669,3
1731935404.529666,2
1731935404.5420175,0
1731935404.5543005,3
1731935404.566296,1
1731935404.578441,2
1731935404.5900662,3
1731935404.6018574,2
1731935404.6143785,3
1731935404.6269913,1
1731935404.6398919,2
1731935404.652676,2
1731935404.6648715,3
1731935404.6776555,3
1731935404.6906261,0
1731935404.702478,1
1731935404.7151163,3
1731935404.7279806,3
1731935404.74235,1
1731935404.7547362,0
1731935404.767005,3
1731935404.7787828,0
1731935404.7910464,2
1731935404.8031275,2
1731935404.8155115,3
1731935404.828249,2
1731935404.8409228,1
1731935404.8532424,2
1731935404.8654213,2
1731935404.8783708,4
1731935404.8914227,2
1731935404.904054,0
1731935404.916627,2
1731935404.9283395,3
1731935404.9413404,2
1731935404.9532778,0
1731935404.9656658,1
1731935404.977561,2
1731935404.989149,0
1731935405.0021222,2
1731935405.0139916,3
1731935405.0257423,3
1731935405.0382898,2
1731935405.05049,1
1731935405.0637445,3
1731935405.0758708,3
1731935405.0884528,3
1731935405.1012363,2
1731935405.1136222,0
1731935405.1259234,1
1731935405.1384752,3
1731935405.1503959,3
1731935405.163742,0
1731935405.1757638,0
1731935405.1883688,3
1731935405.200132,0
1731935405.213246,2
1731935405.2247365,3
1731935405.2385378,3
1731935405.2504444,2
1731935405.2621434,1
1731935405.275691,2
1731935405.288186,3
1731935405.300855,3
1731935405.312998,2
1731935405.3254123,0
1731935405.3372252,1
1731935405.348464,2
1731935405.3599653,4
1731935405.3731937,1
1731935405.3862376,0
1731935405.3987083,3
1731935405.4113834,0
1731935405.4238112,2
1731935405.437398,3
1731935405.4492564,3
1731935405.4616368,3
1731935405.4743254,0
1731935405.4877605,3
1731935405.4997466,1
1731935405.5116146,3
1731935405.5236993,3
1731935405.5362666,0
1731935405.5487297,0
1731935405.5613978,4
1731935405.5741277,2
1731935405.5865057,1
1731935405.5986753,0
1731935405.6104393,2
1731935405.622556,2
1731935405.634486,0
1731935405.6465306,2
1731935405.658696,3
1731935405.6710544,4
1731935405.682602,1
1731935405.6944818,3
1731935405.7078207,1
1731935405.7207472,3
1731935405.7324722,2
1731935405.744752,2
1731935405.7570817,0
1731935405.769987,3
1731935405.7824707,3
1731935405.794951,2
1731935405.8075325,0
1731935405.82116,1
1731935405.833537,2
1731935405.846159,0
1731935405.8593512,2
1731935405.871908,3
1731935405.8845723,2
1731935405.896833,2
1731935405.9087312,3
1731935405.9212825,1
1731935405.9332995,3
1731935405.9459653,4
1731935405.9585743,2
1731935405.972003,0
1731935405.9846592,2
1731935405.997332,3
1731935406.0092523,3
1731935406.0218801,0
1731935406.0340033,0
1731935406.0461164,2
1731935406.0585318,1
1731935406.0708017,2
1731935406.0830855,2
1731935406.0955193,2
1731935406.1077862,2
1731935406.1210632,0
1731935406.13407,3
1731935406.1463878,0
1731935406.158731,4
1731935406.171801,3
1731935406.1840699,0
1731935406.1962671,0
1731935406.2090456,3
1731935406.2210395,4
1731935406.2339888,3
1731935406.246795,0
1731935406.2590768,1
1731935406.2715635,2
1731935406.283995,0
1731935406.296282,2
1731935406.3083997,3
1731935406.3204343,2
1731935406.3328223,3
1731935406.3446698,1
1731935406.3577554,2
1731935406.3704724,2
1731935406.3833127,4
1731935406.3960385,3
1731935406.4084666,0
1731935406.4207716,0
1731935406.433589,3
1731935406.4455657,2
1731935406.457739,2
1731935406.4704545,0
1731935406.4821937,1
1731935406.4954655,2
1731935406.5079508,0
1731935406.5204797,1
1731935406.5324202,2
1731935406.5450075,4
1731935406.5576441,2
1731935406.5697262,1
1731935406.5818434,3
1731935406.5938518,1
1731935406.6059656,3
1731935406.617618,2
1731935406.6294854,0
1731935406.6416981,0
1731935406.6538548,2
1731935406.6667697,2
1731935406.679186,3
1731935406.6910896,1
1731935406.7034533,0
1731935406.7163413,2
1731935406.728155,1
1731935406.7416656,1
1731935406.7537076,2
1731935406.7666223,3
1731935406.7801526,3
1731935406.793084,1
1731935406.806943,3
1731935406.8197145,0
1731935406.8326972,4
1731935406.84456,2
1731935406.8574421,0
1731935406.8694036,0
1731935406.8817534,1
1731935406.893476,2
1731935406.9067602,2
1731935406.919535,3
1731935406.9319205,0
1731935406.9443312,0
1731935406.9571698,2
1731935406.970259,0
1731935406.9827263,2
1731935406.9944773,2
1731935407.0066962,3
1731935407.0194652,2
1731935407.0307503,1
1731935407.042548,2
1731935407.0550778,1
1731935407.0668972,4
1731935407.08043,3
1731935407.0920172,0
1731935407.1044273,0
1731935407.1160462,0
1731935407.1283047,3
1731935407.1415648,4
1731935407.1536553,3
1731935407.166634,1
1731935407.1796954,0
1731935407.1915927,2
1731935407.204469,2
1731935407.2163937,0
1731935407.2296236,2
1731935407.2431047,3
1731935407.2550976,3
1731935407.2674544,2
1731935407.2809181,0
1731935407.2928991,2
1731935407.305659,2
1731935407.3183615,3
1731935407.3300781,3
1731935407.3423347,0
1731935407.3545463,0
1731935407.3670611,0
1731935407.3795972,4
1731935407.3928258,3
1731935407.404689,3
1731935407.4166913,1
1731935407.4307494,0
1731935407.4424717,2
1731935407.4543204,3
1731935407.4661002,0
1731935407.4775326,1
1731935407.4898565,2
1731935407.5015182,4
1731935407.5132437,3
1731935407.525304,2
1731935407.5370145,2
1731935407.5492601,1
1731935407.5613258,3
1731935407.5737696,3
1731935407.5856395,3
1731935407.5976639,0
1731935407.61013,0
1731935407.6220589,0
1731935407.634174,3
1731935407.6459613,2
1731935407.6575406,2
1731935407.6694546,4
1731935407.682406,0
1731935407.6949415,0
1731935407.707043,2
1731935407.7188523,3
1731935407.730748,0
1731935407.7425573,1
1731935407.7558424,3
1731935407.767725,3
1731935407.7794633,3
1731935407.791798,2
1731935407.8050525,3
1731935407.8172228,0
1731935407.8297825,2
1731935407.8419442,3
1731935407.8551216,1
1731935407.8674781,0
1731935407.8794117,0
1731935407.891797,1
