1732267048.7622373,0
1732267048.773743,0
1732267048.7854674,0
1732267048.7975366,0
1732267048.8107338,0
1732267048.825111,0
1732267048.8396263,0
1732267048.8542051,0
1732267048.8686988,0
1732267048.8831694,0
1732267048.897909,0
1732267048.9126246,0
1732267048.9271848,0
1732267048.9417818,0
1732267048.956227,0
1732267048.9705565,0
1732267048.9851058,0
1732267048.9997373,0
1732267049.0140455,0
1732267049.028746,0
1732267049.0432632,0
1732267049.057771,0
1732267049.0722263,0
1732267049.0868957,0
1732267049.1014462,0
1732267049.115855,0
1732267049.130344,0
1732267049.145123,0
1732267049.1598902,0
1732267049.1739786,0
1732267049.1885931,0
1732267049.2025905,0
1732267049.2167475,0
1732267049.23121,0
1732267049.2454314,0
1732267049.2597888,0
1732267049.2741804,0
1732267049.288603,0
1732267049.3031754,0
1732267049.3177264,0
1732267049.332025,0
1732267049.345325,0
1732267049.3596115,0
1732267049.3745725,0
1732267049.386394,0
1732267049.3981779,0
1732267049.4121804,0
1732267049.4266365,0
1732267049.4409955,0
1732267049.4554188,0
1732267049.4698188,0
1732267049.4844573,0
1732267049.4992816,0
1732267049.5138514,0
1732267049.528674,0
1732267049.5435333,0
1732267049.5582752,0
1732267049.5727699,0
1732267049.5872996,0
1732267049.6019027,0
1732267049.61677,0
1732267049.631345,0
1732267049.645647,0
1732267049.6599455,0
1732267049.6749244,0
1732267049.6893747,0
1732267049.7037354,0
1732267049.7184167,0
1732267049.7331526,0
1732267049.7479718,0
1732267049.762964,0
1732267049.7792134,0
1732267049.7920883,4
1732267049.8034456,20
1732267049.8148518,38
1732267049.8268466,50
1732267049.8395376,56
1732267049.852469,64
1732267049.86563,68
1732267049.8793817,75
1732267049.892665,79
1732267049.9060142,82
1732267049.9191318,87
1732267049.9320683,90
1732267049.9453738,88
1732267049.958766,89
1732267049.9728632,89
1732267049.9869404,88
1732267050.0007124,88
1732267050.0142016,90
1732267050.0279894,88
1732267050.0419278,82
1732267050.0553577,79
1732267050.0686169,83
1732267050.0816553,87
1732267050.0949383,86
1732267050.1078227,89
1732267050.120945,88
1732267050.1339517,90
1732267050.1475801,92
1732267050.1615791,91
1732267050.1750803,87
1732267050.188457,84
1732267050.2018168,81
1732267050.2147498,77
1732267050.2285795,76
1732267050.2418652,72
1732267050.2555482,67
1732267050.2687433,64
1732267050.2827795,58
1732267050.2968044,52
1732267050.3110807,46
1732267050.32526,43
1732267050.3392286,41
1732267050.3535013,39
1732267050.3677104,38
1732267050.3813221,38
1732267050.3953109,38
1732267050.407894,37
1732267050.4195728,35
1732267050.430718,34
1732267050.4432194,35
1732267050.4571962,35
1732267050.4712741,36
1732267050.4854963,36
1732267050.4991124,35
1732267050.513062,34
1732267050.5271895,35
1732267050.5412328,36
1732267050.5557058,36
1732267050.5706043,35
1732267050.5841277,35
1732267050.5987153,37
1732267050.6126106,37
1732267050.6267881,35
1732267050.6409662,35
1732267050.6552887,35
1732267050.6696723,37
1732267050.6836214,37
1732267050.6975482,36
1732267050.7118692,37
1732267050.7263296,37
1732267050.7410533,35
1732267050.7553465,35
1732267050.7702863,37
1732267050.7847147,38
1732267050.7991636,37
1732267050.8135247,36
1732267050.827796,36
1732267050.8423617,36
1732267050.8566492,35
1732267050.870971,35
1732267050.8846738,36
1732267050.8987064,37
1732267050.9131286,37
1732267050.9277477,37
1732267050.9431891,38
1732267050.95766,40
1732267050.972328,38
1732267050.9867752,39
1732267051.0012095,39
1732267051.015486,40
1732267051.0296483,40
1732267051.0439434,42
1732267051.058062,43
1732267051.0718746,43
1732267051.0861757,43
1732267051.1005642,42
1732267051.1150534,43
1732267051.1297834,42
1732267051.1443944,40
1732267051.1590974,40
1732267051.173891,40
1732267051.1875927,42
1732267051.201837,43
1732267051.2159798,39
1732267051.229933,39
1732267051.244035,38
1732267051.2581675,39
1732267051.2720711,40
1732267051.2862704,39
1732267051.3012826,38
1732267051.3161297,39
1732267051.3306355,40
1732267051.344951,41
1732267051.3582158,41
1732267051.3711736,41
1732267051.384988,43
1732267051.3998353,44
1732267051.4144504,43
1732267051.4292066,41
1732267051.4431834,44
1732267051.4580674,44
1732267051.472627,42
1732267051.4868302,40
1732267051.5016162,40
1732267051.5160463,42
1732267051.5311584,42
1732267051.5461783,43
1732267051.5613606,43
1732267051.5754597,43
1732267051.5896997,42
1732267051.604317,40
1732267051.619293,40
1732267051.6337945,41
1732267051.6479259,39
1732267051.6619136,41
1732267051.6770682,41
1732267051.6920483,41
1732267051.706476,42
1732267051.7220564,42
1732267051.7357159,41
1732267051.7495096,43
1732267051.7643788,40
1732267051.7789736,41
1732267051.792936,42
1732267051.8067846,42
1732267051.8212855,42
1732267051.8359146,42
1732267051.8512325,42
1732267051.8659174,41
1732267051.8811843,40
1732267051.8952947,38
1732267051.9103353,39
1732267051.9255033,39
1732267051.940322,37
1732267051.9541705,39
1732267051.9689493,39
1732267051.9842222,40
1732267051.9989915,39
1732267052.0143998,39
1732267052.0285366,39
1732267052.0428581,39
1732267052.0572033,39
1732267052.0714517,37
1732267052.0858104,40
1732267052.0998604,40
1732267052.1149504,41
1732267052.1294055,41
1732267052.143611,40
1732267052.1581776,40
1732267052.172459,38
1732267052.1867754,38
1732267052.2008903,39
1732267052.2157347,40
1732267052.2300105,40
1732267052.2448184,40
1732267052.259367,40
1732267052.2722323,41
1732267052.2838368,42
1732267052.295054,43
1732267052.3061874,43
1732267052.3188114,43
1732267052.3311572,43
1732267052.3453438,42
1732267052.360388,41
1732267052.3753052,41
1732267052.3894477,43
1732267052.4038925,43
1732267052.4193008,43
1732267052.4340563,43
1732267052.449355,43
1732267052.463997,42
1732267052.4790447,42
1732267052.493538,41
1732267052.5088174,43
1732267052.5235865,43
1732267052.5387928,42
1732267052.5535836,42
1732267052.567767,42
1732267052.5829139,43
1732267052.59738,42
1732267052.6122048,41
1732267052.6273,41
1732267052.6416216,43
1732267052.6544611,43
1732267052.6692111,43
1732267052.6837828,42
1732267052.6984642,42
1732267052.7128372,42
1732267052.727516,42
1732267052.742449,40
1732267052.757518,41
1732267052.7729988,42
1732267052.7875006,43
1732267052.8029351,42
1732267052.8180292,41
1732267052.832466,40
1732267052.8463535,41
1732267052.8608074,41
1732267052.8753154,42
1732267052.8898387,41
1732267052.904639,42
1732267052.9184039,42
1732267052.9327965,41
1732267052.947449,41
1732267052.9616675,40
1732267052.9756064,41
1732267052.9901764,42
1732267053.0056868,42
1732267053.0201826,42
1732267053.035537,43
1732267053.050189,43
1732267053.065568,43
1732267053.0800924,42
1732267053.0953412,42
1732267053.1098943,43
1732267053.1248658,43
1732267053.1393929,42
1732267053.153365,43
1732267053.1684008,43
1732267053.1830738,42
1732267053.1982589,44
1732267053.2132382,43
1732267053.228337,42
1732267053.2427487,42
1732267053.2573593,42
1732267053.2715037,42
1732267053.2867193,42
1732267053.3011827,43
1732267053.316074,43
1732267053.3309278,43
1732267053.3463585,43
1732267053.3610165,44
1732267053.3742201,43
1732267053.3866272,42
1732267053.401093,42
1732267053.4162626,42
1732267053.4309416,41
1732267053.4454682,43
1732267053.4597037,44
1732267053.4723644,44
1732267053.4883401,46
1732267053.5042007,48
1732267053.5227935,48
1732267053.5363257,48
1732267053.5533876,46
1732267053.569021,52
1732267053.5837843,58
1732267053.6004436,60
1732267053.6163306,69
1732267053.6297078,69
1732267053.6413739,75
1732267053.6531048,79
1732267053.6652677,73
1732267053.6805544,72
1732267053.6944077,65
1732267053.706767,61
1732267053.71965,55
1732267053.7350883,48
1732267053.7485733,42
1732267053.762242,43
1732267053.7763066,44
1732267053.791108,45
1732267053.8065636,44
1732267053.8215253,44
1732267053.8369358,44
1732267053.8517828,44
1732267053.8671112,42
1732267053.881639,42
1732267053.8963957,42
1732267053.9096491,43
1732267053.924516,44
1732267053.9389548,44
1732267053.9531777,44
1732267053.9677613,44
1732267053.9823403,44
1732267053.9963672,44
1732267054.01091,44
1732267054.0260787,42
1732267054.0397315,43
1732267054.054732,43
1732267054.06913,43
1732267054.0838225,42
1732267054.099229,44
1732267054.1143823,43
1732267054.1288776,42
1732267054.1435556,42
1732267054.1577961,41
1732267054.1722708,42
1732267054.1874611,42
1732267054.2015765,41
1732267054.2168214,41
1732267054.231492,41
1732267054.2480454,41
1732267054.2627783,41
1732267054.277622,40
1732267054.292188,40
1732267054.3057048,41
1732267054.320467,41
1732267054.334966,42
1732267054.349388,42
1732267054.3637457,43
1732267054.378849,43
1732267054.3913083,42
1732267054.4026763,44
1732267054.4138956,44
1732267054.425051,42
1732267054.437391,42
1732267054.4506984,42
1732267054.4643805,43
1732267054.479726,43
1732267054.4937208,44
1732267054.5078218,45
1732267054.5222576,46
1732267054.536979,46
1732267054.5520132,46
1732267054.5668051,44
1732267054.5816147,44
1732267054.596007,45
1732267054.6106126,44
1732267054.6253026,42
1732267054.6396246,42
1732267054.6529384,44
1732267054.6672459,44
1732267054.6818285,44
1732267054.6960955,43
1732267054.7102296,43
1732267054.725878,43
1732267054.7406716,44
1732267054.7557054,44
1732267054.7706952,45
1732267054.7847786,45
1732267054.7995834,45
1732267054.8147378,45
1732267054.828369,44
1732267054.8434258,43
1732267054.8577628,42
1732267054.872285,42
1732267054.8872707,43
1732267054.9018967,44
1732267054.915762,44
1732267054.930505,44
1732267054.9454,44
1732267054.959644,43
1732267054.9752522,43
1732267054.9894283,42
1732267055.0044172,42
1732267055.0190523,41
1732267055.0339694,41
1732267055.0491292,41
1732267055.0635052,42
1732267055.077546,41
1732267055.0920565,41
1732267055.1070545,42
1732267055.1216347,42
1732267055.1367528,42
1732267055.1512253,41
1732267055.1652,40
1732267055.1801233,41
1732267055.1951222,42
1732267055.2101963,42
1732267055.2249048,43
1732267055.2402632,43
1732267055.2519653,43
1732267055.265459,44
1732267055.2787101,41
1732267055.2927816,41
1732267055.306676,41
1732267055.3212452,41
1732267055.335933,41
1732267055.3501606,41
1732267055.3650308,41
1732267055.379528,42
1732267055.3940163,42
1732267055.4094,42
1732267055.4237201,42
1732267055.4380703,42
1732267055.4525309,43
1732267055.467477,42
1732267055.482361,42
1732267055.497244,42
1732267055.5114162,42
1732267055.5261922,42
1732267055.5413148,41
1732267055.555727,41
1732267055.5710409,41
1732267055.5856924,44
1732267055.5999668,44
1732267055.6146474,44
1732267055.6295254,44
1732267055.643538,44
1732267055.6578538,42
1732267055.6727383,42
1732267055.6860206,41
1732267055.7008386,41
1732267055.7156167,41
1732267055.7300372,41
1732267055.7435613,41
1732267055.7587698,41
1732267055.7733955,42
1732267055.7873335,41
1732267055.8013167,41
1732267055.8158588,41
1732267055.830685,40
1732267055.8445396,42
1732267055.8586237,41
1732267055.872347,43
1732267055.8860128,43
1732267055.9005423,43
1732267055.9155576,45
1732267055.9295936,45
1732267055.9449255,43
1732267055.959029,43
1732267055.9740393,43
1732267055.9887512,44
1732267056.003619,44
1732267056.0175943,43
1732267056.0324035,43
1732267056.0471513,43
1732267056.0621097,43
1732267056.076844,42
1732267056.0909567,41
1732267056.1057632,42
1732267056.1202602,41
1732267056.135368,43
1732267056.1493213,44
1732267056.1629577,44
1732267056.1769147,43
1732267056.1913803,41
1732267056.2056468,41
1732267056.2202961,41
1732267056.235054,41
1732267056.2505825,41
1732267056.2653224,42
1732267056.280442,44
1732267056.2952442,45
1732267056.309499,45
1732267056.3237154,44
1732267056.3385866,44
1732267056.3527005,44
1732267056.3679516,45
1732267056.3820024,43
1732267056.3964279,42
1732267056.4110065,43
1732267056.4258065,44
1732267056.4405491,45
1732267056.4542048,45
1732267056.4689002,44
1732267056.4836879,45
1732267056.4977143,45
1732267056.5121753,42
1732267056.5264127,43
1732267056.5408888,40
1732267056.5527925,42
1732267056.5641809,41
1732267056.5763407,42
1732267056.5894833,42
1732267056.6029518,43
1732267056.6175444,44
1732267056.6326356,43
1732267056.6469963,42
1732267056.6622207,44
1732267056.6767168,44
1732267056.6920269,44
1732267056.7062159,44
1732267056.7208376,43
1732267056.7349694,44
1732267056.7493272,44
1732267056.7639143,43
1732267056.7781641,42
1732267056.7936032,42
1732267056.8079076,42
1732267056.8229706,43
1732267056.8366582,43
1732267056.851512,43
1732267056.8657608,43
1732267056.8799121,44
1732267056.8954086,44
1732267056.9088376,43
1732267056.922619,42
1732267056.9356349,41
1732267056.9488215,41
1732267056.9625955,42
1732267056.977366,41
1732267056.9920988,40
1732267057.006463,43
1732267057.019973,44
1732267057.0353918,45
1732267057.0495574,45
1732267057.0649977,44
1732267057.0795243,44
1732267057.0938342,42
1732267057.1085372,42
1732267057.1229835,42
1732267057.1384728,41
1732267057.1529589,40
1732267057.167393,42
1732267057.181404,43
1732267057.1967103,44
1732267057.211215,44
1732267057.225837,43
1732267057.2410781,42
1732267057.2551503,43
1732267057.2696757,42
1732267057.2839653,41
1732267057.2988784,42
1732267057.3130324,42
1732267057.328162,43
1732267057.3423116,43
1732267057.357232,41
1732267057.3724525,42
1732267057.3860865,43
1732267057.400552,44
1732267057.4150913,45
1732267057.4303026,44
1732267057.445043,43
1732267057.4599986,45
1732267057.474663,44
1732267057.488848,43
1732267057.5040355,42
1732267057.518709,42
1732267057.5338798,42
1732267057.5479548,42
1732267057.5634098,43
1732267057.5781348,43
1732267057.5920835,44
1732267057.6067173,44
1732267057.621794,43
1732267057.636466,43
1732267057.6513975,43
1732267057.6662302,42
1732267057.6809409,42
1732267057.6956134,41
1732267057.7096472,43
1732267057.7237668,44
1732267057.7383072,44
1732267057.7535963,43
1732267057.7681642,44
1732267057.7832885,44
1732267057.79758,44
1732267057.8120735,43
1732267057.8278048,42
1732267057.8425014,42
1732267057.8581958,43
1732267057.872783,44
1732267057.887794,44
1732267057.9023783,44
1732267057.91648,44
1732267057.9308734,44
1732267057.9462671,43
1732267057.9609725,42
1732267057.9760082,41
1732267057.990028,40
1732267058.005305,41
1732267058.0199654,41
1732267058.035308,42
1732267058.0498798,43
1732267058.0643675,43
1732267058.0795014,43
1732267058.094172,43
1732267058.108023,44
1732267058.1222343,43
1732267058.137495,42
1732267058.1520646,43
1732267058.1670327,43
1732267058.1817787,43
1732267058.1971524,42
1732267058.2114868,43
1732267058.2261596,43
1732267058.2412112,44
1732267058.2557287,42
1732267058.269899,43
1732267058.2845662,43
1732267058.300054,43
1732267058.3148482,45
1732267058.3299146,45
1732267058.3437915,45
1732267058.3593836,45
1732267058.373556,44
1732267058.387258,44
1732267058.4012723,43
1732267058.4156106,41
1732267058.4295576,42
1732267058.4441104,42
1732267058.4588583,43
1732267058.4741178,45
1732267058.487732,44
1732267058.5027688,45
1732267058.5172677,45
1732267058.5321348,44
1732267058.5461514,41
1732267058.561618,41
1732267058.57601,40
1732267058.5898159,40
1732267058.6052406,41
1732267058.6180575,42
1732267058.633208,42
1732267058.6475976,43
1732267058.662481,43
1732267058.677633,43
1732267058.6924484,43
1732267058.7068424,42
1732267058.7221289,41
1732267058.7370474,43
1732267058.7522418,42
1732267058.766847,43
1732267058.7813113,43
1732267058.7965276,44
1732267058.8111138,44
1732267058.8254588,44
1732267058.840121,42
1732267058.8554852,42
1732267058.869986,42
1732267058.8862822,42
1732267058.9008772,43
1732267058.91572,44
1732267058.929979,45
1732267058.9452932,44
1732267058.9599416,44
1732267058.9749882,44
1732267058.9897015,44
1732267059.0042505,43
1732267059.0183713,43
1732267059.0331836,42
1732267059.0470533,43
1732267059.0615926,44
1732267059.0768685,44
1732267059.0912945,44
1732267059.1061745,44
1732267059.1209881,42
1732267059.1360743,41
1732267059.1500194,39
1732267059.164611,40
1732267059.1789055,42
1732267059.1933384,42
1732267059.2084732,44
1732267059.2231143,44
1732267059.237705,43
1732267059.253112,43
1732267059.2684813,43
1732267059.2827175,43
1732267059.297001,41
1732267059.3111546,41
1732267059.3253918,41
1732267059.3405242,43
1732267059.355184,44
1732267059.3701053,44
1732267059.38436,44
1732267059.399527,44
1732267059.4140522,44
1732267059.428359,44
1732267059.4429688,43
1732267059.457328,41
1732267059.4713178,42
1732267059.4855032,43
1732267059.5007348,43
1732267059.5151207,43
1732267059.5297725,44
1732267059.544442,44
1732267059.5592763,45
1732267059.5746405,44
1732267059.5891943,43
1732267059.603175,45
1732267059.6179194,45
1732267059.6334922,45
1732267059.648079,45
1732267059.6637356,44
1732267059.678064,44
1732267059.692746,43
1732267059.7070892,41
1732267059.722291,41
1732267059.736596,42
1732267059.7509263,43
1732267059.7650335,43
1732267059.779713,43
1732267059.7948346,43
1732267059.809164,43
1732267059.8241265,42
1732267059.838492,41
1732267059.853939,41
1732267059.868259,40
1732267059.8827636,40
1732267059.8981502,42
1732267059.913104,42
1732267059.9291525,42
1732267059.9436998,42
1732267059.958154,42
1732267059.9729993,42
1732267059.9883335,40
1732267060.0028937,41
1732267060.0180647,41
1732267060.0324683,43
1732267060.0474968,43
1732267060.0620093,43
1732267060.0771523,43
1732267060.0915608,42
1732267060.1070092,41
1732267060.1215005,40
1732267060.1372972,40
1732267060.1515887,42
1732267060.165943,43
1732267060.1811044,44
1732267060.1955285,44
1732267060.2100344,44
1732267060.2249682,43
1732267060.2403047,42
1732267060.2555635,41
1732267060.269606,43
1732267060.2833202,43
1732267060.2975838,44
1732267060.3128576,43
1732267060.3275561,45
1732267060.3420448,44
1732267060.356494,45
1732267060.371066,43
1732267060.385707,42
1732267060.399983,43
1732267060.4144604,42
1732267060.4289873,41
1732267060.4437864,41
1732267060.4581847,43
1732267060.4731588,44
1732267060.48762,43
1732267060.5018747,43
1732267060.516326,42
1732267060.5314324,43
1732267060.5460882,43
1732267060.5641584,43
1732267060.5786257,43
1732267060.5929353,43
1732267060.6068525,44
1732267060.620908,45
1732267060.6357918,44
1732267060.6543007,44
1732267060.6679153,43
1732267060.6827316,42
1732267060.6972065,42
1732267060.711168,42
1732267060.726961,43
1732267060.7412179,44
1732267060.7578006,43
1732267060.77209,44
1732267060.7859201,43
1732267060.800221,44
1732267060.8151605,43
1732267060.8297322,44
1732267060.8444285,44
1732267060.859018,44
1732267060.8738163,44
1732267060.8881733,44
1732267060.9031045,44
1732267060.9172053,43
1732267060.9318123,39
1732267060.9469967,36
1732267060.9611623,35
1732267060.9758747,33
1732267060.9902225,34
1732267061.004736,32
1732267061.018987,32
1732267061.0327466,33
1732267061.0472157,33
1732267061.0616088,31
1732267061.0761626,31
1732267061.0905788,28
1732267061.1049087,30
1732267061.1190104,31
1732267061.1332004,33
1732267061.1475205,34
1732267061.1618037,35
1732267061.176072,34
1732267061.190991,35
1732267061.2054012,34
1732267061.219565,35
1732267061.2309577,35
1732267061.2450716,36
1732267061.259444,37
1732267061.2738338,38
1732267061.2883298,37
1732267061.3026383,36
1732267061.3176358,35
1732267061.3300662,35
1732267061.343742,35
1732267061.3589518,35
1732267061.373652,36
1732267061.3877,36
1732267061.402386,36
1732267061.416928,36
1732267061.4315886,36
1732267061.4453897,37
1732267061.4597719,37
1732267061.4737215,37
1732267061.4882045,38
1732267061.5030785,38
1732267061.5178845,38
1732267061.5330775,37
1732267061.5474684,36
1732267061.5619814,37
1732267061.5766828,37
1732267061.5910246,37
1732267061.6054933,36
1732267061.620013,38
1732267061.634629,37
1732267061.6490712,34
1732267061.6634665,35
1732267061.678305,36
1732267061.6928334,37
1732267061.7074323,38
1732267061.7219996,38
1732267061.7400827,39
1732267061.754853,38
1732267061.7693036,37
1732267061.7835882,37
1732267061.7988822,37
1732267061.8131588,35
1732267061.82744,33
1732267061.8421018,33
1732267061.855894,33
1732267061.8692334,31
1732267061.8834217,26
1732267061.8978705,21
1732267061.9120357,17
1732267061.928686,11
1732267061.9421737,10
1732267061.9552186,7
1732267061.9686852,9
1732267061.982126,8
1732267061.9967012,8
1732267062.0110595,9
1732267062.0251381,9
1732267062.0398388,7
1732267062.0544693,8
1732267062.0693018,7
1732267062.0837867,8
1732267062.0985682,8
1732267062.1127717,7
1732267062.1271937,8
1732267062.1425653,7
1732267062.1552165,8
