1731927345.8103669,0
1731927345.8244667,0
1731927345.8377883,0
1731927345.8494973,0
1731927345.861283,0
1731927345.8739297,0
1731927345.8861012,0
1731927345.8985655,0
1731927345.9104178,0
1731927345.9220457,0
1731927345.9348562,0
1731927345.947395,0
1731927345.9592838,0
1731927345.9711483,0
1731927345.9830682,0
1731927345.9951487,0
1731927346.0072892,0
1731927346.0193694,0
1731927346.0313745,0
1731927346.0433898,0
1731927346.0560074,0
1731927346.0678003,0
1731927346.0796678,0
1731927346.0915039,0
1731927346.1039703,0
1731927346.116859,0
1731927346.1289933,0
1731927346.1407852,0
1731927346.1524103,0
1731927346.1647174,0
1731927346.1774306,0
1731927346.1902647,0
1731927346.2023575,0
1731927346.2141092,0
1731927346.2261872,0
1731927346.2389312,0
1731927346.2511199,0
1731927346.2629356,0
1731927346.2746098,0
1731927346.286387,0
1731927346.2994528,0
1731927346.31148,0
1731927346.3234494,0
1731927346.3352234,0
1731927346.3475788,0
1731927346.359785,0
1731927346.3716555,0
1731927346.3837645,0
1731927346.3956292,0
1731927346.4078135,0
1731927346.4198194,0
1731927346.4327996,0
1731927346.444898,0
1731927346.4568923,0
1731927346.4689062,0
1731927346.481297,0
1731927346.4932761,0
1731927346.505121,0
1731927346.5165145,0
1731927346.5286276,0
1731927346.540318,0
1731927346.5524068,0
1731927346.5654647,0
1731927346.5772438,0
1731927346.5890536,0
1731927346.6012788,0
1731927346.6135898,0
1731927346.6256955,0
1731927346.6373734,0
1731927346.6490693,0
1731927346.6610498,0
1731927346.6738026,0
1731927346.6856081,0
1731927346.6976745,0
1731927346.710059,0
1731927346.7215953,0
1731927346.7338123,0
1731927346.7462323,0
1731927346.7584116,0
1731927346.7701015,0
1731927346.7819853,0
1731927346.7941153,0
1731927346.8058057,0
1731927346.8181124,1
1731927346.8299284,10
1731927346.842016,10
1731927346.8541677,9
1731927346.8664787,9
1731927346.8790476,5
1731927346.890898,10
1731927346.902617,5
1731927346.9153118,23
1731927346.9279187,1
1731927346.9402008,5
1731927346.9520578,3
1731927346.9642456,3
1731927346.9771423,3
1731927346.9898903,3
1731927347.0021071,3
1731927347.0141296,6
1731927347.0267348,6
1731927347.039222,8
1731927347.053236,14
1731927347.0673099,7
1731927347.0793464,7
1731927347.0912082,7
1731927347.1038208,7
1731927347.1157134,8
1731927347.1289625,14
1731927347.1408331,17
1731927347.1524708,21
1731927347.165108,14
1731927347.176968,18
1731927347.1890588,7
1731927347.2014868,9
1731927347.2133183,12
1731927347.2252798,7
1731927347.2369742,15
1731927347.2484684,22
1731927347.2613323,29
1731927347.2735608,22
1731927347.2860644,24
1731927347.298411,36
1731927347.310395,33
1731927347.3232923,40
1731927347.336762,21
1731927347.349037,18
1731927347.3623116,13
1731927347.3744,12
1731927347.3860745,12
1731927347.3988826,12
1731927347.4130247,11
1731927347.4253864,12
1731927347.4392939,13
1731927347.4516232,12
1731927347.4643817,12
1731927347.4764273,16
1731927347.4885185,17
1731927347.501303,12
1731927347.5141628,13
1731927347.526383,13
1731927347.5384767,13
1731927347.5510273,12
1731927347.5655615,9
1731927347.577653,11
1731927347.5901828,11
1731927347.602904,11
1731927347.6166747,9
1731927347.6288912,9
1731927347.6410286,8
1731927347.6529818,9
1731927347.668188,9
1731927347.6802735,9
1731927347.6925585,10
1731927347.7043412,9
1731927347.7180958,9
1731927347.7299154,9
1731927347.7424934,9
1731927347.7540946,9
1731927347.7687097,9
1731927347.7807188,9
1731927347.7927716,10
1731927347.8048458,9
1731927347.8178096,10
1731927347.8294938,9
1731927347.8415005,9
1731927347.8531191,9
1731927347.8656018,11
1731927347.8799057,10
1731927347.8920045,9
1731927347.9041953,10
1731927347.9159186,11
1731927347.929122,14
1731927347.94073,13
1731927347.9524727,11
1731927347.9647238,14
1731927347.9772644,105
1731927347.9897673,33
1731927348.0016918,14
1731927348.0138466,12
1731927348.0262837,12
1731927348.0392482,12
1731927348.051335,12
1731927348.0640368,13
1731927348.0771492,16
1731927348.0888276,15
1731927348.1021605,12
1731927348.114469,12
1731927348.1262932,9
1731927348.1397316,41
1731927348.1520653,105
1731927348.1658378,13
1731927348.1778758,8
1731927348.1914058,10
1731927348.2033799,9
1731927348.215838,9
1731927348.2280931,9
1731927348.240353,9
1731927348.2569368,6
1731927348.2692678,9
1731927348.2818415,10
1731927348.2947116,9
1731927348.307075,9
1731927348.3191497,9
1731927348.3331807,6
1731927348.3467224,6
1731927348.358487,6
1731927348.3703265,6
1731927348.3824294,6
1731927348.3951254,4
1731927348.4081638,3
1731927348.4199772,3
1731927348.4323244,3
1731927348.4442492,6
1731927348.4581091,6
1731927348.472077,10
1731927348.4844222,9
1731927348.4965634,8
1731927348.5085468,10
1731927348.5220191,9
1731927348.5338445,7
1731927348.5462747,6
1731927348.5583913,6
1731927348.570179,5
1731927348.5830386,10
1731927348.595131,7
1731927348.607419,5
1731927348.6195385,4
1731927348.6313486,3
1731927348.644815,3
1731927348.6571875,3
1731927348.6702714,3
1731927348.6819558,3
1731927348.6940486,4
1731927348.707876,4
1731927348.71968,3
1731927348.7319722,3
1731927348.7441068,3
1731927348.758605,3
1731927348.7712798,8
1731927348.782797,3
1731927348.7948723,3
1731927348.8067532,3
1731927348.818893,3
1731927348.83131,5
1731927348.8433046,4
1731927348.8554313,3
1731927348.8679125,3
1731927348.8811414,3
1731927348.8932953,3
1731927348.9051852,3
1731927348.9172041,4
1731927348.9292579,3
1731927348.9433122,4
1731927348.9552937,4
1731927348.9679668,4
1731927348.9797487,3
1731927348.991806,3
1731927349.0049314,4
1731927349.0165703,3
1731927349.0286334,3
1731927349.0404038,3
1731927349.052467,4
1731927349.0663936,0
1731927349.0788307,3
1731927349.0908542,3
1731927349.1029255,3
1731927349.1147382,3
1731927349.128429,3
1731927349.14076,4
1731927349.1525497,4
1731927349.1645136,4
1731927349.1772978,4
1731927349.1904626,3
1731927349.2030065,3
1731927349.2148318,4
1731927349.226823,4
1731927349.2401931,0
1731927349.2543275,4
1731927349.2661564,4
1731927349.2790375,4
1731927349.290958,4
1731927349.3045292,3
1731927349.3161342,4
1731927349.3280358,3
1731927349.3407764,5
1731927349.3523414,4
1731927349.3653674,3
1731927349.3774016,87
1731927349.3893566,38
1731927349.401357,39
1731927349.4130692,35
1731927349.4272244,32
1731927349.439094,25
1731927349.452058,21
1731927349.4637954,21
1731927349.4779847,11
1731927349.4910314,26
1731927349.50339,21
1731927349.515266,16
1731927349.5282898,39
1731927349.5407813,15
1731927349.5527887,18
1731927349.5647707,22
1731927349.5786068,17
1731927349.5914903,10
1731927349.6043742,9
1731927349.6159487,14
1731927349.6288996,13
1731927349.641476,9
1731927349.65373,13
1731927349.6656883,11
1731927349.67745,16
1731927349.6903493,16
1731927349.702193,11
1731927349.7144015,13
1731927349.7262826,12
1731927349.7383158,11
1731927349.7517695,6
1731927349.7651203,17
1731927349.776782,14
1731927349.7883897,16
1731927349.8015325,9
1731927349.8133805,9
1731927349.8262887,5
1731927349.8385563,9
1731927349.8509738,6
1731927349.8636503,9
1731927349.8772397,9
1731927349.889019,9
1731927349.9023247,9
1731927349.9150333,9
1731927349.9275048,9
1731927349.9392447,9
1731927349.9509797,8
1731927349.9639866,9
1731927349.9777591,6
1731927349.989699,6
1731927350.001711,6
1731927350.0133722,6
1731927350.0256715,6
1731927350.038949,11
1731927350.0507617,16
1731927350.06252,7
1731927350.0755494,7
1731927350.0872595,7
1731927350.1005914,6
1731927350.1124249,6
1731927350.12498,6
1731927350.1370978,6
1731927350.1490276,9
1731927350.161167,8
1731927350.1731906,10
1731927350.185431,9
1731927350.1976163,7
1731927350.2114322,12
1731927350.225539,9
1731927350.2380667,11
1731927350.2518241,12
1731927350.2641296,14
1731927350.2770438,17
1731927350.2889364,14
1731927350.3015678,12
1731927350.3144748,6
1731927350.3281176,6
1731927350.3431606,7
1731927350.3581736,9
1731927350.3700185,7
1731927350.3835926,6
1731927350.3960214,7
1731927350.4089587,6
1731927350.4208465,6
1731927350.4344265,12
1731927350.4489486,12
1731927350.460986,11
1731927350.4749274,9
1731927350.486814,9
1731927350.5006428,10
1731927350.5148323,11
1731927350.5271132,9
1731927350.540521,9
1731927350.552934,7
1731927350.566921,12
1731927350.579793,13
1731927350.5918443,14
1731927350.6058075,13
1731927350.6176126,10
1731927350.6297698,10
1731927350.6421905,9
1731927350.6570745,13
1731927350.6691284,13
1731927350.6817641,15
1731927350.6934261,15
1731927350.7069619,15
1731927350.718576,17
1731927350.7322736,20
1731927350.744164,12
1731927350.7569056,13
1731927350.770161,14
1731927350.7823536,14
1731927350.794224,16
1731927350.8065064,12
1731927350.8194642,12
1731927350.832959,13
1731927350.844645,13
1731927350.8570988,16
1731927350.8701348,20
1731927350.8821924,19
1731927350.8949056,14
1731927350.9067748,14
1731927350.9185243,13
1731927350.9304047,9
1731927350.942538,13
1731927350.9562964,12
1731927350.9691823,13
1731927350.9816246,12
1731927350.9943838,12
1731927351.0067372,12
1731927351.0188754,12
1731927351.0319712,12
1731927351.0445023,11
1731927351.0574152,9
1731927351.0701277,10
1731927351.0823197,12
1731927351.0950406,6
1731927351.107281,6
1731927351.1193414,6
1731927351.132251,6
1731927351.144136,6
1731927351.1578639,6
1731927351.1702704,6
1731927351.1830344,12
1731927351.1949165,9
1731927351.208793,12
1731927351.2208438,6
1731927351.2329495,7
1731927351.2445803,7
1731927351.2565243,7
1731927351.268631,7
1731927351.2813578,3
1731927351.2935796,8
1731927351.3053317,8
1731927351.3168833,8
1731927351.3295279,6
1731927351.3417919,5
1731927351.3540812,6
1731927351.3659928,6
1731927351.377962,6
1731927351.3908296,7
1731927351.4042027,5
1731927351.4158206,9
1731927351.4279385,8
1731927351.4404752,6
1731927351.4526196,7
1731927351.466019,4
1731927351.4785504,6
1731927351.4904063,6
1731927351.5024478,9
1731927351.5139666,8
1731927351.5273,7
1731927351.5395544,6
1731927351.5515451,6
1731927351.5635507,7
1731927351.5755715,6
1731927351.5902302,8
1731927351.6028342,10
1731927351.6145983,10
1731927351.6264644,12
1731927351.640812,16
1731927351.6530104,16
1731927351.6650107,12
1731927351.6765935,7
1731927351.6910841,3
1731927351.7036462,6
1731927351.7153745,6
1731927351.7273319,10
1731927351.739327,10
1731927351.7519848,6
1731927351.7650182,3
1731927351.777009,6
1731927351.7888527,6
1731927351.8013048,6
1731927351.813337,6
1731927351.8256426,6
1731927351.8374243,6
1731927351.8499541,6
1731927351.8621137,6
1731927351.8743129,6
1731927351.8860984,6
1731927351.8981302,6
1731927351.909956,7
1731927351.922222,7
1731927351.9352229,6
1731927351.947432,7
1731927351.959288,7
1731927351.971283,7
1731927351.9835446,7
1731927351.998167,8
1731927352.0099225,7
1731927352.0219936,7
1731927352.0342436,6
1731927352.0470445,7
1731927352.05914,7
1731927352.0709846,7
1731927352.0828547,7
1731927352.0954275,7
1731927352.109188,5
1731927352.1211739,6
1731927352.1329508,5
1731927352.1459532,3
1731927352.1577055,4
1731927352.170612,12
1731927352.1823175,13
1731927352.194119,11
1731927352.2065678,7
1731927352.218076,7
1731927352.2298126,7
1731927352.242088,3
1731927352.2553797,3
1731927352.268344,48
1731927352.28004,12
1731927352.292088,13
1731927352.3051581,10
1731927352.3170352,9
1731927352.329796,7
1731927352.3422387,7
1731927352.3539932,10
1731927352.3667085,9
1731927352.3788605,10
1731927352.3911617,6
1731927352.403491,6
1731927352.415135,6
1731927352.4282243,6
1731927352.4419289,6
1731927352.4545536,6
1731927352.467002,3
1731927352.4803097,3
1731927352.4921024,3
1731927352.5055408,3
1731927352.517464,4
1731927352.5304754,3
1731927352.5422816,3
1731927352.5557475,3
1731927352.5678387,3
1731927352.5802407,3
1731927352.592417,3
1731927352.6044674,2
1731927352.6175725,4
1731927352.6298392,3
1731927352.6416397,3
1731927352.6539001,3
1731927352.665721,3
1731927352.6789086,5
1731927352.6911337,5
1731927352.7041216,7
1731927352.7160728,6
1731927352.729342,7
1731927352.7413127,9
1731927352.7528336,7
1731927352.7655418,4
1731927352.7774334,3
1731927352.7915993,49
1731927352.8040936,17
1731927352.815883,19
1731927352.8285432,21
1731927352.8425107,23
1731927352.8561764,26
1731927352.8680685,20
1731927352.8809037,22
1731927352.893462,8
1731927352.905168,8
1731927352.9172962,8
1731927352.930032,7
1731927352.9425418,7
1731927352.9560673,6
1731927352.9685276,7
1731927352.9808607,6
1731927352.9925804,6
1731927353.0057693,6
1731927353.017435,9
1731927353.0293512,7
1731927353.0418947,10
1731927353.0547273,10
1731927353.0677989,8
1731927353.0802326,8
1731927353.092657,10
1731927353.1059647,7
1731927353.1179407,7
1731927353.1318889,7
1731927353.1438036,6
1731927353.157336,7
1731927353.1693747,6
1731927353.1823628,9
1731927353.1940057,7
1731927353.2057993,5
1731927353.2191067,6
1731927353.2311523,8
1731927353.2443657,8
1731927353.2592041,7
1731927353.2713118,6
1731927353.2845984,7
1731927353.2963994,7
1731927353.309597,7
1731927353.3215964,7
1731927353.3336215,9
1731927353.3464398,10
1731927353.3600807,6
1731927353.3719525,7
1731927353.383851,8
1731927353.3959098,8
1731927353.4098954,7
1731927353.4221365,7
1731927353.4345298,7
1731927353.4462867,7
1731927353.4587884,7
1731927353.472474,7
1731927353.4842396,8
1731927353.4962463,9
1731927353.5084162,6
1731927353.5223064,6
1731927353.5344758,7
1731927353.5469685,7
1731927353.5588574,7
1731927353.572874,8
1731927353.5848258,7
1731927353.59716,7
1731927353.6094348,6
1731927353.6245453,6
1731927353.6362295,6
1731927353.648005,7
1731927353.660125,6
1731927353.6741948,6
1731927353.6862204,6
1731927353.698323,7
1731927353.7104723,6
1731927353.7250757,6
1731927353.7376144,7
1731927353.7499752,6
1731927353.7616482,7
1731927353.7758424,7
1731927353.7877536,6
1731927353.800169,6
1731927353.8120124,6
1731927353.8258083,7
1731927353.8380985,6
1731927353.8503933,7
1731927353.8621204,6
1731927353.8742924,6
1731927353.8875594,6
1731927353.9002097,6
1731927353.9124749,8
1731927353.9244516,9
1731927353.937703,29
1731927353.9508936,12
1731927353.964431,29
1731927353.9783232,9
1731927353.9916186,11
1731927354.0033913,8
1731927354.0155425,7
1731927354.028492,8
1731927354.0404205,8
1731927354.053621,7
1731927354.06584,6
1731927354.0787728,8
1731927354.0906284,8
1731927354.1040773,11
1731927354.1162686,11
1731927354.13039,11
1731927354.1422698,10
1731927354.1550508,8
1731927354.1678448,7
1731927354.1802564,6
1731927354.1922176,6
1731927354.204272,6
1731927354.2159374,6
1731927354.2284048,6
1731927354.2419486,5
1731927354.2544694,3
1731927354.2664757,3
1731927354.2787113,3
1731927354.2910569,3
1731927354.3029563,0
1731927354.3156996,3
1731927354.3274336,3
1731927354.3402288,3
1731927354.3519177,3
1731927354.3648734,3
1731927354.3768961,3
1731927354.3893416,0
1731927354.4018233,5
1731927354.413408,3
1731927354.4251788,3
1731927354.4384246,3
1731927354.4506187,45
1731927354.4642484,15
1731927354.4764323,41
1731927354.4892209,24
1731927354.5011752,28
1731927354.5141227,40
1731927354.5265524,36
1731927354.5390406,30
1731927354.5506167,27
1731927354.5650487,19
1731927354.5770261,20
1731927354.5896013,14
1731927354.6013043,12
1731927354.6149948,12
1731927354.6272385,13
1731927354.6392226,15
1731927354.6510487,15
1731927354.6647184,9
1731927354.6771789,11
1731927354.689887,10
1731927354.7017941,9
1731927354.7140143,8
1731927354.7264779,6
1731927354.7381094,6
1731927354.750592,5
1731927354.762322,6
1731927354.774185,6
1731927354.7884116,12
1731927354.8012862,6
1731927354.8130088,9
1731927354.824763,14
1731927354.838115,13
1731927354.8500478,16
1731927354.861935,14
1731927354.8737082,9
1731927354.8852856,9
1731927354.8980513,9
1731927354.9103174,10
1731927354.923361,9
1731927354.9352708,8
1731927354.9477658,8
1731927354.960702,9
1731927354.9736683,9
1731927354.9853213,9
1731927354.9978454,9
1731927355.0102563,10
1731927355.023315,12
1731927355.0354776,12
1731927355.0472486,6
1731927355.05974,6
1731927355.0719817,6
1731927355.0840259,6
1731927355.0968022,3
1731927355.1094928,6
1731927355.122914,5
1731927355.136378,6
1731927355.1483235,6
1731927355.1605937,3
1731927355.1729825,3
1731927355.1849422,3
1731927355.1972373,3
1731927355.2092896,3
1731927355.2215497,3
1731927355.233662,3
1731927355.246157,3
1731927355.2581084,4
1731927355.270545,3
1731927355.2827752,3
1731927355.2953782,3
1731927355.3073263,3
1731927355.3206868,3
1731927355.333325,3
1731927355.3449092,3
1731927355.357648,3
1731927355.3694606,4
1731927355.3809707,4
1731927355.3944457,3
1731927355.4064915,3
1731927355.4186847,4
1731927355.4308815,4
1731927355.4426048,4
1731927355.455979,3
1731927355.4689965,3
1731927355.4808915,6
1731927355.4926815,5
1731927355.506156,4
1731927355.5182805,3
1731927355.5311918,3
1731927355.5429847,3
1731927355.555866,3
1731927355.5689156,2
1731927355.581496,3
1731927355.593206,3
1731927355.6058965,3
1731927355.6182036,3
1731927355.6311102,5
1731927355.6428776,6
1731927355.6549206,6
1731927355.6679502,3
1731927355.6797166,3
1731927355.6916552,3
1731927355.70379,3
1731927355.7156286,12
1731927355.7280657,8
1731927355.7399223,33
1731927355.7521753,13
1731927355.7650669,14
1731927355.7797265,9
1731927355.7918198,8
1731927355.804294,7
1731927355.8175895,9
1731927355.830309,7
1731927355.8421993,7
1731927355.8540661,7
1731927355.867501,6
1731927355.8806612,9
1731927355.8925533,9
1731927355.9042819,8
1731927355.916578,11
1731927355.9284053,6
1731927355.9409802,6
1731927355.952627,5
1731927355.964902,6
1731927355.9770064,6
1731927355.989995,6
1731927356.0024648,7
1731927356.0140088,9
1731927356.0266273,10
1731927356.040037,7
1731927356.0524428,9
1731927356.0649166,8
1731927356.0774682,7
1731927356.090194,7
1731927356.102104,7
1731927356.114042,8
1731927356.1262372,11
1731927356.1395156,14
1731927356.1513605,11
1731927356.1649308,10
1731927356.1768723,10
1731927356.1912453,8
1731927356.2032917,6
1731927356.2162476,7
1731927356.22967,7
1731927356.241779,8
1731927356.2544851,6
1731927356.266098,9
1731927356.2779098,7
1731927356.2903082,7
1731927356.302296,6
1731927356.31433,6
1731927356.326938,6
1731927356.3387723,6
1731927356.3504522,6
1731927356.3627996,3
1731927356.3752847,3
1731927356.3892279,3
1731927356.4019022,3
1731927356.4134288,6
1731927356.4251385,6
1731927356.4385602,6
1731927356.4502466,6
1731927356.4634752,3
1731927356.4752982,4
1731927356.4879324,4
1731927356.500522,4
1731927356.513618,3
1731927356.5255911,4
1731927356.5374026,4
1731927356.5489833,4
1731927356.561809,4
1731927356.5756633,4
1731927356.587889,4
1731927356.6001344,4
1731927356.612378,4
1731927356.624377,4
1731927356.637113,4
1731927356.6487927,3
1731927356.662883,3
1731927356.674815,3
1731927356.6879735,3
1731927356.70015,3
1731927356.7129953,7
1731927356.7247095,6
1731927356.7364228,4
1731927356.7488976,3
1731927356.7611055,3
1731927356.7742429,5
1731927356.7857783,4
1731927356.7975235,3
1731927356.8107991,4
1731927356.8226032,3
1731927356.835941,4
1731927356.8475711,5
