1731927332.5209098,0
1731927332.5360231,0
1731927332.5558617,0
1731927332.572884,0
1731927332.5863686,0
1731927332.5999005,0
1731927332.6116111,0
1731927332.6238396,0
1731927332.6400557,0
1731927332.6521153,0
1731927332.6659439,0
1731927332.67741,0
1731927332.6899562,0
1731927332.70585,0
1731927332.7179606,0
1731927332.7307436,0
1731927332.7423248,0
1731927332.754286,0
1731927332.7682447,0
1731927332.7827132,0
1731927332.7944329,0
1731927332.807341,0
1731927332.819104,0
1731927332.8376038,0
1731927332.8492286,0
1731927332.8626263,0
1731927332.8749716,0
1731927332.8879485,0
1731927332.9034607,0
1731927332.9191318,0
1731927332.9325647,0
1731927332.9442844,0
1731927332.9577188,0
1731927332.9707875,0
1731927332.9847455,0
1731927333.0007782,0
1731927333.0146275,0
1731927333.026758,0
1731927333.0406306,0
1731927333.0530474,0
1731927333.067076,0
1731927333.081263,0
1731927333.0955136,0
1731927333.1077762,0
1731927333.1213486,0
1731927333.1334317,0
1731927333.145249,0
1731927333.156697,0
1731927333.1695497,0
1731927333.1838272,0
1731927333.1975274,0
1731927333.2093582,0
1731927333.2214663,0
1731927333.237563,0
1731927333.2523687,0
1731927333.2656686,0
1731927333.2773523,0
1731927333.2891562,0
1731927333.3048806,0
1731927333.3178422,0
1731927333.3328857,0
1731927333.3477087,0
1731927333.360084,0
1731927333.3723032,0
1731927333.3855426,0
1731927333.404918,0
1731927333.4188144,0
1731927333.4332542,0
1731927333.4468026,0
1731927333.46117,0
1731927333.4762135,0
1731927333.4884694,0
1731927333.5036604,0
1731927333.5166037,0
1731927333.5454204,0
1731927333.5651782,0
1731927333.5777388,11
1731927333.598273,10
1731927333.6117315,11
1731927333.6257122,15
1731927333.6451206,17
1731927333.663048,21
1731927333.6823869,23
1731927333.7035427,24
1731927333.7158763,30
1731927333.73386,40
1731927333.7462022,49
1731927333.7585182,54
1731927333.776232,60
1731927333.79535,57
1731927333.8080952,57
1731927333.820627,58
1731927333.84049,56
1731927333.8564756,57
1731927333.8714712,56
1731927333.8839774,57
1731927333.8976955,56
1731927333.9169583,56
1731927333.935073,57
1731927333.955422,56
1731927333.9694679,56
1731927333.9864461,56
1731927334.0077472,56
1731927334.0204515,55
1731927334.0407457,54
1731927334.0545883,54
1731927334.0729427,54
1731927334.0911932,53
1731927334.1038826,52
1731927334.1160154,52
1731927334.1288502,54
1731927334.144281,53
1731927334.1562092,53
1731927334.1694725,53
1731927334.1835372,52
1731927334.196442,53
1731927334.2087138,53
1731927334.224262,52
1731927334.240681,52
1731927334.2534413,51
1731927334.2694201,52
1731927334.2825756,51
1731927334.2972863,51
1731927334.310491,52
1731927334.326253,50
1731927334.3409228,50
1731927334.3553488,50
1731927334.3722425,50
1731927334.3864474,50
1731927334.4025939,50
1731927334.4158335,49
1731927334.4280195,49
1731927334.4407053,48
1731927334.4535973,50
1731927334.4669707,48
1731927334.4801738,49
1731927334.4921227,49
1731927334.5059748,48
1731927334.5177917,48
1731927334.5326734,46
1731927334.5470948,46
1731927334.5597422,48
1731927334.5729904,47
1731927334.5882895,46
1731927334.6067326,47
1731927334.6330788,46
1731927334.6512182,46
1731927334.6804445,44
1731927334.7016034,45
1731927334.7185147,45
1731927334.7402225,44
1731927334.7570195,45
1731927334.774376,44
1731927334.7871528,45
1731927334.8007524,43
1731927334.8129528,43
1731927334.8259134,42
1731927334.8417356,43
1731927334.8547955,43
1731927334.8710306,42
1731927334.8833456,42
1731927334.8965724,41
1731927334.9107454,41
1731927334.9225705,41
1731927334.9403658,42
1731927334.9562538,41
1731927334.972981,41
1731927334.9866462,40
1731927335.0087721,40
1731927335.0295343,41
1731927335.047922,39
1731927335.0638406,40
1731927335.077803,38
1731927335.093438,39
1731927335.1054928,38
1731927335.1199071,39
1731927335.139584,39
1731927335.1551003,37
1731927335.174097,37
1731927335.1860933,37
1731927335.2059505,37
1731927335.2179737,36
1731927335.2342052,37
1731927335.246257,36
1731927335.2609837,36
1731927335.2755587,35
1731927335.2910366,36
1731927335.3033853,36
1731927335.31691,35
1731927335.329536,34
1731927335.3430877,34
1731927335.358856,35
1731927335.376045,35
1731927335.393976,33
1731927335.4084918,33
1731927335.4208958,33
1731927335.433736,32
1731927335.4468122,31
1731927335.4593632,33
1731927335.4734838,33
1731927335.4852095,32
1731927335.502792,31
1731927335.515908,31
1731927335.5307126,29
1731927335.5433292,31
1731927335.5550287,31
1731927335.5686016,30
1731927335.58094,29
1731927335.5935442,28
1731927335.606582,30
1731927335.6212728,30
1731927335.6426122,28
1731927335.65584,28
1731927335.671332,28
1731927335.686016,28
1731927335.7044125,28
1731927335.7240427,26
1731927335.741916,27
1731927335.7561924,26
1731927335.7727654,25
1731927335.7857234,26
1731927335.7976806,25
1731927335.8114634,24
1731927335.8275452,24
1731927335.8493423,24
1731927335.8664804,23
1731927335.8792634,22
1731927335.8927367,22
1731927335.912434,21
1731927335.9291563,21
1731927335.9468534,21
1731927335.9585898,20
1731927335.9727342,20
1731927335.9860144,20
1731927335.9986124,20
1731927336.015021,19
1731927336.0285923,18
1731927336.04027,19
1731927336.057567,17
1731927336.0762572,18
1731927336.0912406,17
1731927336.1061392,16
1731927336.1219304,16
1731927336.1398444,15
1731927336.1524394,14
1731927336.1695282,14
1731927336.1873012,12
1731927336.2056956,13
1731927336.2187898,11
1731927336.23284,12
1731927336.2492375,12
1731927336.2618313,12
1731927336.27751,13
1731927336.2929065,12
1731927336.3047829,12
1731927336.3202195,12
1731927336.3418272,12
1731927336.3543656,11
1731927336.3701665,13
1731927336.38203,12
1731927336.3971846,11
1731927336.4119437,12
1731927336.4284623,13
1731927336.4470541,12
1731927336.4634607,13
1731927336.4780207,11
1731927336.4910753,12
1731927336.5090685,13
1731927336.5271523,13
1731927336.542058,12
1731927336.5583372,12
1731927336.5790668,12
1731927336.5933568,12
1731927336.6093795,13
1731927336.6245975,12
1731927336.6502671,12
1731927336.6643324,11
1731927336.6763742,11
1731927336.69996,12
1731927336.7252522,13
1731927336.741486,13
1731927336.754462,13
1731927336.7753375,12
1731927336.7885182,13
1731927336.8038437,12
1731927336.817048,11
1731927336.829988,13
1731927336.8460572,11
1731927336.8599257,12
1731927336.8750052,12
1731927336.887903,13
1731927336.9032187,12
1731927336.9154904,12
1731927336.9302073,12
1731927336.94294,11
1731927336.958947,12
1731927336.9766579,11
1731927336.9927878,12
1731927337.008069,13
1731927337.022502,17
1731927337.0394387,19
1731927337.0555587,14
1731927337.0767653,11
1731927337.0890882,13
1731927337.103429,12
1731927337.120995,13
1731927337.1425493,14
1731927337.158844,12
1731927337.1775208,12
1731927337.189875,12
1731927337.20904,12
1731927337.2214236,12
1731927337.2407386,13
1731927337.257724,12
1731927337.2720025,12
1731927337.2889833,12
1731927337.3008451,12
1731927337.3133843,12
1731927337.3248498,12
1731927337.3404639,12
1731927337.3538213,13
1731927337.3697414,11
1731927337.381822,11
1731927337.3967505,13
1731927337.4114363,11
1731927337.4250083,12
1731927337.4419851,12
1731927337.4644585,11
1731927337.4816785,11
1731927337.4968822,12
1731927337.5107481,11
1731927337.5229032,13
1731927337.5358837,12
1731927337.5524771,13
1731927337.565202,12
1731927337.576801,12
1731927337.5918725,12
1731927337.6053421,13
1731927337.6202853,13
1731927337.6377187,12
1731927337.653521,13
1731927337.667159,12
1731927337.6828763,12
1731927337.6982267,12
1731927337.7118564,13
1731927337.7241485,13
1731927337.74009,12
1731927337.7543108,12
1731927337.7681043,13
1731927337.781066,12
1731927337.7950306,13
1731927337.8093796,12
1731927337.8242745,12
1731927337.8388674,12
1731927337.8504596,13
1731927337.8649874,13
1731927337.8783598,12
1731927337.891114,13
1731927337.90653,12
1731927337.9195006,12
1731927337.933424,12
1731927337.947771,12
1731927337.963182,11
1731927337.9775908,12
1731927337.9900413,13
1731927338.005269,13
1731927338.019379,13
1731927338.0366845,13
1731927338.0497692,12
1731927338.071601,13
1731927338.0940175,12
1731927338.1071064,13
1731927338.1262925,13
1731927338.139715,12
1731927338.1552393,13
1731927338.1703305,12
1731927338.1856258,12
1731927338.198861,13
1731927338.2134402,13
1731927338.2274208,11
1731927338.2451215,11
1731927338.2585545,12
1731927338.2752702,12
1731927338.289327,12
1731927338.3029423,13
1731927338.3159122,12
1731927338.3303583,13
1731927338.3436596,11
1731927338.357398,12
1731927338.37154,12
1731927338.3854675,13
1731927338.398736,12
1731927338.4122558,13
1731927338.4246407,13
1731927338.440102,12
1731927338.45988,12
1731927338.4760833,12
1731927338.4917762,13
1731927338.5060124,11
1731927338.5191128,12
1731927338.5314097,12
1731927338.5464506,12
1731927338.5692153,12
1731927338.5823464,13
1731927338.597056,12
1731927338.6099114,11
1731927338.623553,12
1731927338.6381218,12
1731927338.6518886,13
1731927338.6664255,13
1731927338.6794906,12
1731927338.6913307,12
1731927338.7047062,11
1731927338.7200947,13
1731927338.732824,10
1731927338.7456582,11
1731927338.7594223,12
1731927338.7754638,13
1731927338.7899554,13
1731927338.808244,12
1731927338.8236659,13
1731927338.8412275,13
1731927338.8546185,12
1731927338.868546,12
1731927338.8814306,12
1731927338.8976088,12
1731927338.910187,12
1731927338.922981,11
1731927338.9394033,11
1731927338.9538887,11
1731927338.9705904,12
1731927338.9829562,12
1731927338.9990842,12
1731927339.0160663,12
1731927339.030341,12
1731927339.0461888,12
1731927339.061593,13
1731927339.077026,12
1731927339.0892878,12
1731927339.1029003,13
1731927339.1156719,12
1731927339.1321845,11
1731927339.1469371,12
1731927339.1625476,11
1731927339.1751204,11
1731927339.1877532,12
1731927339.2043774,13
1731927339.2202399,12
1731927339.2359915,13
1731927339.2506256,13
1731927339.2825415,12
1731927339.296805,12
1731927339.3087115,13
1731927339.3216963,12
1731927339.341212,12
1731927339.3598292,12
1731927339.375632,11
1731927339.3879347,13
1731927339.4082415,12
1731927339.421773,11
1731927339.4369192,13
1731927339.4490786,13
1731927339.4633431,13
1731927339.476404,12
1731927339.4898562,13
1731927339.5043538,13
1731927339.5188875,12
1731927339.536967,13
1731927339.5494232,12
1731927339.5620453,11
1731927339.5763443,12
1731927339.590612,12
1731927339.6062632,13
1731927339.6199863,12
1731927339.6326635,13
1731927339.6475766,13
1731927339.6599696,13
1731927339.672335,13
1731927339.684614,12
1731927339.6998978,12
1731927339.7132258,13
1731927339.7255945,12
1731927339.7397642,13
1731927339.7535543,11
1731927339.7672422,12
1731927339.7801027,11
1731927339.792844,13
1731927339.8083684,12
1731927339.8217778,13
1731927339.8373575,12
1731927339.8521416,12
1731927339.8656602,13
1731927339.8808422,12
1731927339.8987703,12
1731927339.9123442,12
1731927339.9260056,13
1731927339.9409473,13
1731927339.9567072,12
1731927339.9714477,11
1731927339.9834619,11
1731927339.997779,12
1731927340.010618,13
1731927340.0231378,13
1731927340.0407188,12
1731927340.0559418,12
1731927340.0705485,12
1731927340.0828044,12
1731927340.0971138,12
1731927340.1090214,12
1731927340.1220288,13
1731927340.1396954,12
1731927340.152592,12
1731927340.1699157,12
1731927340.1866987,12
1731927340.200567,12
1731927340.2138588,13
1731927340.2281055,12
1731927340.2422493,12
1731927340.255869,13
1731927340.274366,11
1731927340.2900095,12
1731927340.308936,13
1731927340.3224838,12
1731927340.3402383,11
1731927340.3565133,12
1731927340.3771198,12
1731927340.3951647,12
1731927340.4125898,11
1731927340.4269216,11
1731927340.4395304,13
1731927340.4536064,11
1731927340.4656317,11
1731927340.4841404,12
1731927340.4989085,12
1731927340.5141842,11
1731927340.5278351,12
1731927340.541497,13
1731927340.5536735,13
1731927340.5690267,12
1731927340.5830314,12
1731927340.6043105,13
1731927340.6207595,11
1731927340.6400542,11
1731927340.6563213,12
1731927340.676779,13
1731927340.6898792,13
1731927340.707148,12
1731927340.7218735,12
1731927340.7372274,13
1731927340.749749,13
1731927340.7635458,11
1731927340.7757695,11
1731927340.7896335,12
1731927340.8048856,11
1731927340.8212826,12
1731927340.8406992,12
1731927340.8562708,13
1731927340.874762,12
1731927340.8868122,12
1731927340.898975,12
1731927340.9127202,13
1731927340.9423006,12
1731927340.9638016,12
1731927340.9845076,14
1731927341.0031314,12
1731927341.0151587,13
1731927341.0270302,13
1731927341.0539095,12
1731927341.068525,12
1731927341.0997176,12
1731927341.1184025,12
1731927341.1410785,12
1731927341.1578817,12
1731927341.1711416,13
1731927341.1873705,12
1731927341.2097533,13
1731927341.221753,13
1731927341.2381616,12
1731927341.2518857,12
1731927341.2705288,13
1731927341.2823498,13
1731927341.298923,11
1731927341.3114655,13
1731927341.3240557,13
1731927341.3425124,11
1731927341.3576725,13
1731927341.373878,12
1731927341.389138,13
1731927341.4114025,13
1731927341.42524,11
1731927341.4414363,12
1731927341.453225,12
1731927341.4681962,12
1731927341.4832585,13
1731927341.502956,13
1731927341.5164118,12
1731927341.530943,12
1731927341.5432417,12
1731927341.555707,12
1731927341.5753896,12
1731927341.589361,12
1731927341.6036723,12
1731927341.615558,12
1731927341.6322732,12
1731927341.6451476,11
1731927341.6569443,12
1731927341.671903,11
1731927341.685053,13
1731927341.7015214,13
1731927341.7142427,12
1731927341.725476,13
1731927341.7415693,12
1731927341.7550867,13
1731927341.774342,13
1731927341.7862465,13
1731927341.8076391,12
1731927341.8246572,11
1731927341.8423226,13
1731927341.857919,12
1731927341.8750532,12
1731927341.8879893,13
1731927341.9057837,12
1731927341.9189928,11
1731927341.9352038,13
1731927341.947769,12
1731927341.9622626,12
1731927341.9762628,12
1731927341.9888484,12
1731927342.0048249,13
1731927342.0168502,13
1731927342.0335402,13
1731927342.0464404,12
1731927342.0585709,12
1731927342.074071,11
1731927342.0878708,12
1731927342.108107,11
1731927342.1242838,12
1731927342.1407042,12
1731927342.1544545,13
1731927342.1662881,13
1731927342.1798968,12
1731927342.1947248,12
1731927342.2069468,12
1731927342.2185001,12
1731927342.2342105,13
1731927342.2462616,13
1731927342.2592244,13
1731927342.2747345,12
1731927342.2882264,13
1731927342.3038452,12
1731927342.3171322,13
1731927342.33609,13
1731927342.3566937,12
1731927342.3757756,12
1731927342.387741,12
1731927342.4054847,12
1731927342.4203718,11
1731927342.436081,13
1731927342.449614,11
1731927342.4687183,12
1731927342.4818609,13
1731927342.5053453,12
1731927342.5190754,12
1731927342.5318837,11
1731927342.5448158,13
1731927342.559409,13
1731927342.5791197,12
1731927342.5907953,13
1731927342.604081,12
1731927342.616573,11
1731927342.6298158,13
1731927342.6452157,12
1731927342.657776,12
1731927342.6712198,12
1731927342.6839962,12
1731927342.7000039,13
1731927342.7132258,12
1731927342.7259583,12
1731927342.739806,12
1731927342.7599223,11
1731927342.776303,12
1731927342.7918005,13
1731927342.8050845,12
1731927342.820305,11
1731927342.8351586,11
1731927342.8494477,13
1731927342.8665915,13
1731927342.8804724,12
1731927342.8929882,11
1731927342.908578,12
1731927342.9234362,12
1731927342.9384294,12
1731927342.952032,13
1731927342.964502,12
1731927342.9800222,11
1731927342.9931097,13
1731927343.0052795,13
1731927343.0189102,11
1731927343.0318248,13
1731927343.0436566,13
1731927343.0578203,13
1731927343.074269,12
1731927343.0883067,12
1731927343.1022117,13
1731927343.1149178,12
1731927343.127773,11
1731927343.144065,12
1731927343.1574678,13
1731927343.1754577,12
1731927343.1875079,12
1731927343.203465,11
1731927343.2158682,13
1731927343.2312694,13
1731927343.2438815,12
1731927343.2559404,12
1731927343.274325,12
1731927343.2866836,12
1731927343.3039165,12
1731927343.3163939,12
1731927343.3317175,13
1731927343.345488,12
1731927343.3570414,12
1731927343.3742213,12
1731927343.3871222,11
1731927343.4053073,13
1731927343.4175155,12
1731927343.4319797,13
1731927343.4446635,12
1731927343.457536,13
1731927343.470546,11
1731927343.486132,12
1731927343.4992297,13
1731927343.5159943,13
1731927343.5337064,11
1731927343.5460112,12
1731927343.557836,12
1731927343.5743713,13
1731927343.5876822,12
1731927343.610303,13
1731927343.6587164,12
1731927343.6749215,12
1731927343.6963077,12
1731927343.713915,12
