1731927433.7907581,0
1731927433.803621,0
1731927433.8155482,0
1731927433.827971,0
1731927433.8409102,0
1731927433.8553839,0
1731927433.8679824,0
1731927433.8804626,0
1731927433.8951573,0
1731927433.9070654,0
1731927433.9184499,0
1731927433.931146,0
1731927433.943023,0
1731927433.9570177,0
1731927433.968659,0
1731927433.9809659,0
1731927433.9928377,0
1731927434.0062003,0
1731927434.0195794,0
1731927434.036059,0
1731927434.0524964,0
1731927434.065438,0
1731927434.08127,0
1731927434.09392,0
1731927434.105983,0
1731927434.1201248,0
1731927434.1340365,0
1731927434.1468139,0
1731927434.1625063,0
1731927434.1758778,0
1731927434.188734,0
1731927434.2004502,0
1731927434.2136176,0
1731927434.2256835,0
1731927434.2391431,0
1731927434.250945,0
1731927434.2641613,0
1731927434.27735,0
1731927434.2892299,0
1731927434.301473,0
1731927434.3139226,0
1731927434.3265111,0
1731927434.3392394,0
1731927434.3523579,0
1731927434.365853,0
1731927434.3780882,0
1731927434.3898978,0
1731927434.4013,0
1731927434.412896,0
1731927434.425726,0
1731927434.439847,0
1731927434.4525266,0
1731927434.4708416,0
1731927434.4821339,0
1731927434.494088,0
1731927434.5077255,0
1731927434.5219676,0
1731927434.5343537,0
1731927434.5501266,0
1731927434.571796,0
1731927434.5858793,0
1731927434.5994477,0
1731927434.611456,0
1731927434.6244,0
1731927434.6367497,0
1731927434.6498835,0
1731927434.6628327,0
1731927434.68072,0
1731927434.6932797,0
1731927434.7050872,0
1731927434.7180676,0
1731927434.7331715,0
1731927434.7454622,0
1731927434.7580407,0
1731927434.7793925,0
1731927434.797358,1
1731927434.8171306,11
1731927434.840184,12
1731927434.8574138,15
1731927434.8757315,15
1731927434.8916497,23
1731927434.9085946,22
1731927434.9245863,24
1731927434.943643,23
1731927434.9607096,25
1731927434.9738307,25
1731927434.9862158,24
1731927435.0016167,27
1731927435.0165956,27
1731927435.0311096,27
1731927435.0485055,28
1731927435.0644665,30
1731927435.0789776,30
1731927435.0938938,30
1731927435.1071384,29
1731927435.1239629,31
1731927435.1416974,33
1731927435.1618109,34
1731927435.1767733,33
1731927435.193178,35
1731927435.2073364,36
1731927435.2214503,35
1731927435.2343078,37
1731927435.2480772,37
1731927435.2658696,37
1731927435.286403,38
1731927435.3019702,40
1731927435.3178437,39
1731927435.3350873,40
1731927435.3501425,42
1731927435.3647695,42
1731927435.3778346,42
1731927435.3905108,41
1731927435.4038444,43
1731927435.4171646,43
1731927435.430037,45
1731927435.4433513,44
1731927435.4562604,44
1731927435.4723847,46
1731927435.4884398,47
1731927435.5056071,47
1731927435.5200503,46
1731927435.5324411,48
1731927435.5464509,50
1731927435.5584843,50
1731927435.5737963,50
1731927435.5872476,51
1731927435.5994174,52
1731927435.6134355,50
1731927435.6314914,53
1731927435.6457398,54
1731927435.6590924,53
1731927435.673415,54
1731927435.6887186,53
1731927435.7038875,56
1731927435.716461,56
1731927435.7314596,56
1731927435.74589,57
1731927435.76235,59
1731927435.775231,58
1731927435.7876077,59
1731927435.802821,59
1731927435.81525,61
1731927435.8294394,61
1731927435.8423102,62
1731927435.8552759,61
1731927435.871527,62
1731927435.8853602,64
1731927435.9004402,64
1731927435.9230292,65
1731927435.9436462,64
1731927435.9630299,66
1731927435.9775648,67
1731927435.9927711,67
1731927436.0071197,68
1731927436.0246181,68
1731927436.0411234,70
1731927436.0573266,71
1731927436.0755749,70
1731927436.0903125,71
1731927436.1072264,72
1731927436.1238549,72
1731927436.141781,73
1731927436.158087,75
1731927436.1713052,74
1731927436.1867201,76
1731927436.2018893,77
1731927436.2221713,78
1731927436.2338996,78
1731927436.2476153,78
1731927436.263081,77
1731927436.278921,79
1731927436.2936828,79
1731927436.3087225,80
1731927436.323634,81
1731927436.3382638,82
1731927436.3499365,81
1731927436.364975,83
1731927436.3815799,84
1731927436.394183,83
1731927436.4099462,84
1731927436.423619,85
1731927436.441936,86
1731927436.4556444,87
1731927436.470871,88
1731927436.4881291,87
1731927436.5058274,88
1731927436.518482,88
1731927436.5321243,89
1731927436.5457125,90
1731927436.5624745,91
1731927436.5770721,91
1731927436.591256,93
1731927436.609135,91
1731927436.6249182,93
1731927436.6385238,94
1731927436.650331,94
1731927436.6639895,95
1731927436.6771283,94
1731927436.6922076,97
1731927436.7093573,98
1731927436.7243521,97
1731927436.7396188,98
1731927436.7567306,99
1731927436.7712464,100
1731927436.7856026,100
1731927436.7989554,101
1731927436.8115728,101
1731927436.8257272,102
1731927436.844698,103
1731927436.859838,103
1731927436.8773787,104
1731927436.8929796,105
1731927436.9078867,105
1731927436.9211106,104
1731927436.9349163,105
1731927436.9478147,104
1731927436.9679146,104
1731927436.983229,104
1731927437.0013626,104
1731927437.013049,104
1731927437.0262475,103
1731927437.0413818,104
1731927437.0535114,102
1731927437.0724397,97
1731927437.0861173,94
1731927437.1010585,89
1731927437.115761,86
1731927437.13728,81
1731927437.1513462,78
1731927437.1634765,75
1731927437.175954,74
1731927437.1894724,74
1731927437.2039468,75
1731927437.2172954,74
1731927437.2327547,74
1731927437.249106,75
1731927437.2653143,76
1731927437.2790265,75
1731927437.293427,76
1731927437.3074265,76
1731927437.320643,76
1731927437.3372254,76
1731927437.3568823,76
1731927437.37446,77
1731927437.38617,78
1731927437.4029744,78
1731927437.415505,78
1731927437.4339783,77
1731927437.447739,78
1731927437.4647753,79
1731927437.4776826,79
1731927437.4924455,79
1731927437.5073707,80
1731927437.5232441,80
1731927437.5420773,79
1731927437.5544887,81
1731927437.568088,81
1731927437.580995,81
1731927437.5974848,81
1731927437.6128194,82
1731927437.6265602,81
1731927437.6397994,81
1731927437.6527152,81
1731927437.6674368,82
1731927437.6829693,83
1731927437.6963665,82
1731927437.7112179,82
1731927437.7249959,83
1731927437.7397485,83
1731927437.7535853,84
1731927437.7672968,85
1731927437.7804918,84
1731927437.7939384,85
1731927437.8082397,83
1731927437.8238409,84
1731927437.8406866,86
1731927437.8549912,86
1731927437.8714335,86
1731927437.8830667,86
1731927437.8983212,87
1731927437.9110038,86
1731927437.9236333,86
1731927437.9394505,88
1731927437.9526327,87
1731927437.9679437,87
1731927437.9819489,87
1731927437.9990833,88
1731927438.0149539,88
1731927438.032141,89
1731927438.0505772,87
1731927438.07042,88
1731927438.091186,89
1731927438.1058495,89
1731927438.12532,90
1731927438.1405194,91
1731927438.1567721,90
1731927438.1707406,90
1731927438.1844237,92
1731927438.1994228,92
1731927438.213474,90
1731927438.2314036,91
1731927438.2502468,92
1731927438.2717826,91
1731927438.2904146,91
1731927438.313292,93
1731927438.3312585,93
1731927438.3568623,97
1731927438.387669,103
1731927438.412857,104
1731927438.4320607,104
1731927438.4588478,102
1731927438.4761174,103
1731927438.4900563,100
1731927438.5041525,97
1731927438.517647,98
1731927438.5387585,96
1731927438.5669377,93
1731927438.5860944,89
1731927438.6054435,82
1731927438.622666,78
1731927438.6374903,74
1731927438.6507592,71
1731927438.6688728,65
1731927438.6841705,65
1731927438.6972432,67
1731927438.7097504,67
1731927438.7228456,66
1731927438.737965,65
1731927438.7497208,66
1731927438.7620595,66
1731927438.7766314,66
1731927438.7889342,68
1731927438.8007565,66
1731927438.8134656,68
1731927438.8268282,67
1731927438.8431444,69
1731927438.855545,68
1731927438.8730702,68
1731927438.8847558,68
1731927438.8983831,69
1731927438.9131207,69
1731927438.925388,69
1731927438.9394984,70
1731927438.9521942,69
1731927438.969209,70
1731927438.981565,69
1731927438.997169,68
1731927439.012281,70
1731927439.0300562,70
1731927439.041875,70
1731927439.0542896,70
1731927439.066282,70
1731927439.0827649,70
1731927439.104324,71
1731927439.1239655,72
1731927439.1451344,72
1731927439.1576781,72
1731927439.1758678,71
1731927439.1898804,71
1731927439.2046971,71
1731927439.2168064,72
1731927439.2328198,73
1731927439.2489336,71
1731927439.2663577,73
1731927439.2781627,73
1731927439.3007092,70
1731927439.3146226,73
1731927439.326375,74
1731927439.3456604,72
1731927439.358182,74
1731927439.3730922,74
1731927439.3875387,74
1731927439.4043586,74
1731927439.419502,75
1731927439.436879,74
1731927439.452791,76
1731927439.4688358,75
1731927439.4831629,76
1731927439.499647,76
1731927439.5152426,77
1731927439.5285118,78
1731927439.545541,77
1731927439.5594873,77
1731927439.5728607,75
1731927439.5844717,75
1731927439.5976074,74
1731927439.6123667,75
1731927439.6272743,77
1731927439.6439488,75
1731927439.6580856,76
1731927439.6748598,76
1731927439.6891289,76
1731927439.7049499,77
1731927439.7188985,76
1731927439.7343724,77
1731927439.747698,75
1731927439.7615776,76
1731927439.7750375,78
1731927439.7873104,78
1731927439.8005126,78
1731927439.8144734,77
1731927439.8303013,77
1731927439.8449857,77
1731927439.857404,76
1731927439.8714652,76
1731927439.8834484,77
1731927439.8981273,76
1731927439.910283,76
1731927439.924197,77
1731927439.9390056,78
1731927439.95147,78
1731927439.9659896,77
1731927439.9819965,78
1731927439.9996562,78
1731927440.0159507,78
1731927440.030938,78
1731927440.0459335,78
1731927440.0608447,79
1731927440.0748622,77
1731927440.0901983,79
1731927440.104593,77
1731927440.1178746,78
1731927440.1334412,80
1731927440.1505673,78
1731927440.1674204,80
1731927440.180493,79
1731927440.1928535,79
1731927440.2077763,79
1731927440.2201762,78
1731927440.2357132,80
1731927440.249667,80
1731927440.2649612,78
1731927440.2820292,79
1731927440.2966626,79
1731927440.310876,80
1731927440.3251443,80
1731927440.3404295,79
1731927440.353559,78
1731927440.3687937,80
1731927440.3827653,78
1731927440.3985646,80
1731927440.4137957,80
1731927440.4279256,80
1731927440.4440992,82
1731927440.4575107,80
1731927440.4730308,82
1731927440.485308,81
1731927440.4994826,82
1731927440.5127227,81
1731927440.5286088,82
1731927440.5432336,81
1731927440.556588,80
1731927440.569508,79
1731927440.583653,80
1731927440.5990665,81
1731927440.6122863,80
1731927440.6245296,80
1731927440.6394477,79
1731927440.6534798,80
1731927440.6663504,81
1731927440.6793609,80
1731927440.6918795,80
1731927440.707999,81
1731927440.7219696,82
1731927440.7344725,82
1731927440.7484803,82
1731927440.762341,81
1731927440.777324,80
1731927440.7916853,81
1731927440.8053637,81
1731927440.8172462,82
1731927440.8296924,81
1731927440.84707,81
1731927440.859788,80
1731927440.8737009,81
1731927440.8863356,80
1731927440.9000254,81
1731927440.9163043,82
1731927440.9364483,81
1731927440.950484,81
1731927440.9624414,82
1731927440.9766083,82
1731927440.9932802,82
1731927441.0109198,82
1731927441.0242283,81
1731927441.041737,82
1731927441.0554767,81
1731927441.0717165,81
1731927441.0835106,82
1731927441.0954788,82
1731927441.1140552,80
1731927441.1357105,81
1731927441.1499958,81
1731927441.1654267,80
1731927441.1781137,82
1731927441.189748,82
1731927441.207458,81
1731927441.2213986,82
1731927441.2343755,81
1731927441.2475262,81
1731927441.26409,81
1731927441.2824478,81
1731927441.2971117,82
1731927441.3142302,81
1731927441.3263378,81
1731927441.3401353,82
1731927441.352723,81
1731927441.3658876,80
1731927441.384078,82
1731927441.3994021,81
1731927441.4183042,82
1731927441.434804,82
1731927441.4574282,81
1731927441.4818666,81
1731927441.496215,81
1731927441.5113566,80
1731927441.5297947,81
1731927441.5509129,82
1731927441.5726519,82
1731927441.5853689,81
1731927441.5982547,81
1731927441.615201,81
1731927441.6286278,82
1731927441.6412308,81
1731927441.6553729,81
1731927441.670074,81
1731927441.6825137,81
1731927441.6980383,81
1731927441.7184687,80
1731927441.7451093,80
1731927441.7660897,82
1731927441.7846475,81
1731927441.7974513,82
1731927441.8111289,81
1731927441.824476,82
1731927441.8410752,80
1731927441.857893,81
1731927441.8787634,82
1731927441.8947647,82
1731927441.9148207,83
1731927441.9333365,81
1731927441.9480653,83
1731927441.967924,82
1731927441.9814827,82
1731927441.9960506,81
1731927442.0103836,82
1731927442.0282807,83
1731927442.043121,82
1731927442.056571,82
1731927442.0723608,84
1731927442.0857265,84
1731927442.0998557,83
1731927442.116034,83
1731927442.1314719,83
1731927442.1549819,83
1731927442.1708465,83
1731927442.18403,84
1731927442.1982994,84
1731927442.2127385,83
1731927442.2258263,83
1731927442.2427557,83
1731927442.2556913,84
1731927442.2680871,85
1731927442.2805882,84
1731927442.2950203,85
1731927442.3112059,85
1731927442.325579,83
1731927442.3392563,84
1731927442.3518054,83
1731927442.3667488,83
1731927442.3827314,84
1731927442.402506,84
1731927442.4169626,84
1731927442.432567,85
1731927442.452187,85
1731927442.4665117,84
1731927442.481226,85
1731927442.49379,85
1731927442.5084972,86
1731927442.5211668,85
1731927442.5355241,85
1731927442.5499985,85
1731927442.5641556,85
1731927442.5829136,86
1731927442.5964813,84
1731927442.6097145,86
1731927442.6240478,86
1731927442.641529,86
1731927442.6545794,84
1731927442.6662984,85
1731927442.6819081,86
1731927442.6965134,85
1731927442.7141807,86
1731927442.7324796,85
1731927442.7472756,86
1731927442.7598817,87
1731927442.7717028,87
1731927442.785698,87
1731927442.8010073,87
1731927442.816714,86
1731927442.8319478,85
1731927442.8498535,86
1731927442.8625162,86
1731927442.8811498,86
1731927442.895719,87
1731927442.9110155,86
1731927442.923825,86
1731927442.9405506,86
1731927442.953308,88
1731927442.965004,86
1731927442.983171,87
1731927442.9995391,86
1731927443.0126736,87
1731927443.02751,87
1731927443.043253,88
1731927443.0570173,86
1731927443.0856316,87
1731927443.104958,87
1731927443.124692,86
1731927443.1448808,89
1731927443.1657124,88
1731927443.1800616,88
1731927443.1979866,89
1731927443.2148342,89
1731927443.2295206,89
1731927443.245552,88
1731927443.2640762,89
1731927443.2779498,89
1731927443.290474,89
1731927443.30593,87
1731927443.3175097,88
1731927443.3317058,89
1731927443.346417,89
1731927443.3640616,89
1731927443.382568,89
1731927443.3978174,89
1731927443.4133856,90
1731927443.4292789,89
1731927443.443616,89
1731927443.457003,90
1731927443.474267,88
1731927443.4928315,88
1731927443.5081456,90
1731927443.5217333,89
1731927443.5355332,88
1731927443.5498478,89
1731927443.563384,88
1731927443.5833812,91
1731927443.5978436,91
1731927443.6190128,89
1731927443.63693,90
1731927443.6488554,91
1731927443.6635191,91
1731927443.6799476,91
1731927443.6929078,90
1731927443.707907,90
1731927443.723476,89
1731927443.7384858,91
1731927443.7507763,90
1731927443.7655668,90
1731927443.7812736,89
1731927443.7937622,91
1731927443.8059947,92
1731927443.8184357,92
1731927443.8337283,91
1731927443.8476143,92
1731927443.8631928,91
1731927443.878831,92
1731927443.8906627,92
1731927443.906566,91
1731927443.9195542,90
1731927443.9335978,91
1731927443.9471703,91
1731927443.9632785,92
1731927443.9769356,91
1731927443.9898996,92
1731927444.0101984,91
1731927444.0243788,93
1731927444.0421722,93
1731927444.054524,92
1731927444.0665388,92
1731927444.0820534,93
1731927444.096523,93
1731927444.1146147,92
1731927444.128273,93
1731927444.144832,93
1731927444.1589143,91
1731927444.1775918,92
1731927444.1900446,92
1731927444.204719,92
1731927444.2170937,91
1731927444.2327104,93
1731927444.2461896,91
1731927444.2586157,94
1731927444.2784972,94
1731927444.2946246,92
1731927444.3086162,93
1731927444.3223743,93
1731927444.338059,93
1731927444.350411,92
1731927444.3622608,93
1731927444.3754067,93
1731927444.3905082,93
1731927444.4047048,94
1731927444.417342,93
1731927444.4324753,93
1731927444.4470367,93
1731927444.465795,93
1731927444.4826117,94
1731927444.50714,94
1731927444.521505,94
1731927444.537497,95
1731927444.5556016,94
1731927444.5692587,95
1731927444.5831015,93
1731927444.594597,94
1731927444.6088686,94
1731927444.6235995,94
1731927444.6414297,95
1731927444.6566792,93
1731927444.673329,95
1731927444.6865203,94
1731927444.7024386,95
1731927444.7146177,96
1731927444.732199,95
1731927444.7503347,94
1731927444.766086,95
1731927444.7808523,95
1731927444.7981725,95
1731927444.8107758,94
1731927444.8392863,96
1731927444.851672,95
1731927444.87017,95
1731927444.8825214,95
1731927444.89896,96
1731927444.9108806,96
1731927444.9224432,96
1731927444.9469488,96
1731927444.9637728,94
1731927444.9791403,96
1731927444.9955363,97
1731927445.0078633,97
1731927445.0307462,94
