1731927447.4049747,0
1731927447.419558,0
1731927447.4449096,0
1731927447.4621515,0
1731927447.480914,0
1731927447.4944456,0
1731927447.5080771,0
1731927447.52422,0
1731927447.5470533,0
1731927447.5592456,0
1731927447.573465,0
1731927447.5853171,0
1731927447.597495,0
1731927447.6256335,0
1731927447.644902,0
1731927447.6591334,0
1731927447.6758902,0
1731927447.6877623,0
1731927447.700751,0
1731927447.71232,0
1731927447.7264242,0
1731927447.7404027,0
1731927447.752835,0
1731927447.765769,0
1731927447.7784023,0
1731927447.7908282,0
1731927447.804116,0
1731927447.818771,0
1731927447.8320665,0
1731927447.845034,0
1731927447.859503,0
1731927447.8716125,0
1731927447.8831387,0
1731927447.8959117,0
1731927447.9093726,0
1731927447.9225361,0
1731927447.9375188,0
1731927447.9529927,0
1731927447.9656603,0
1731927447.9776235,0
1731927447.9903362,0
1731927448.0046186,0
1731927448.022009,0
1731927448.0346472,0
1731927448.0477192,0
1731927448.0625763,0
1731927448.0755653,0
1731927448.0873914,0
1731927448.1030924,0
1731927448.1153972,0
1731927448.1303027,0
1731927448.1461058,0
1731927448.162006,0
1731927448.178195,0
1731927448.1938856,0
1731927448.2068658,0
1731927448.2218997,0
1731927448.236159,0
1731927448.250297,0
1731927448.2626293,0
1731927448.2776127,0
1731927448.2892902,0
1731927448.3074706,0
1731927448.3199656,0
1731927448.3339038,0
1731927448.3465912,0
1731927448.3636992,0
1731927448.3794727,0
1731927448.3951623,0
1731927448.4086373,0
1731927448.4208465,0
1731927448.434358,0
1731927448.4477067,0
1731927448.4609518,0
1731927448.472999,0
1731927448.4921668,0
1731927448.5200534,1
1731927448.5494285,6
1731927448.5675857,19
1731927448.5868516,13
1731927448.5992274,15
1731927448.6168194,21
1731927448.632591,28
1731927448.647343,28
1731927448.662018,27
1731927448.6807296,27
1731927448.6973755,28
1731927448.7135274,28
1731927448.735784,28
1731927448.749783,28
1731927448.776864,28
1731927448.792157,28
1731927448.8087122,29
1731927448.8205261,29
1731927448.832727,29
1731927448.8495436,29
1731927448.863876,30
1731927448.8808491,31
1731927448.8961818,30
1731927448.9123127,30
1731927448.9331324,31
1731927448.959218,30
1731927448.9739282,30
1731927448.99307,31
1731927449.0049367,31
1731927449.0213678,31
1731927449.040953,32
1731927449.055826,32
1731927449.0823452,32
1731927449.1056795,33
1731927449.1241338,32
1731927449.136131,32
1731927449.154495,33
1731927449.1666937,33
1731927449.1872218,32
1731927449.2155056,33
1731927449.2414763,35
1731927449.2600887,34
1731927449.276255,34
1731927449.289903,35
1731927449.3124962,34
1731927449.327907,34
1731927449.346509,35
1731927449.3650017,36
1731927449.3776839,35
1731927449.3893507,35
1731927449.4102268,36
1731927449.4371316,35
1731927449.4563355,36
1731927449.474444,36
1731927449.4892988,36
1731927449.5088408,36
1731927449.5299363,36
1731927449.549854,37
1731927449.5677257,38
1731927449.5993757,38
1731927449.614765,38
1731927449.6306121,37
1731927449.648005,37
1731927449.6653323,39
1731927449.6815643,37
1731927449.7004058,38
1731927449.7200146,37
1731927449.733311,39
1731927449.7485545,39
1731927449.7634003,39
1731927449.7809741,40
1731927449.7934172,40
1731927449.8103697,38
1731927449.8237157,39
1731927449.8388672,39
1731927449.852429,39
1731927449.870437,39
1731927449.8841112,40
1731927449.902044,41
1731927449.9206245,40
1731927449.937506,40
1731927449.9547029,40
1731927449.9715376,41
1731927449.9894276,41
1731927450.0097978,41
1731927450.0225945,41
1731927450.0351317,40
1731927450.0556777,41
1731927450.0723445,43
1731927450.0880914,42
1731927450.10405,42
1731927450.1166103,42
1731927450.1364603,42
1731927450.1504633,42
1731927450.1663282,43
1731927450.1806004,41
1731927450.1993797,43
1731927450.215164,44
1731927450.2295904,44
1731927450.2441986,44
1731927450.2639313,44
1731927450.2800286,44
1731927450.2951436,45
1731927450.3098695,44
1731927450.3251488,44
1731927450.341129,45
1731927450.3559344,44
1731927450.3708732,44
1731927450.3874328,45
1731927450.400513,44
1731927450.4148362,44
1731927450.4280427,46
1731927450.4423347,46
1731927450.4576218,45
1731927450.4749405,45
1731927450.4919827,45
1731927450.5074508,44
1731927450.5202394,46
1731927450.5360405,45
1731927450.551165,44
1731927450.568256,47
1731927450.5968418,46
1731927450.6162786,46
1731927450.6378353,46
1731927450.649115,46
1731927450.667879,48
1731927450.679933,48
1731927450.698504,47
1731927450.7143118,48
1731927450.7366898,47
1731927450.7492826,47
1731927450.7621303,47
1731927450.779344,48
1731927450.7936082,49
1731927450.8063886,48
1731927450.820813,48
1731927450.8383622,48
1731927450.8505075,48
1731927450.8659637,48
1731927450.8829057,47
1731927450.9029078,48
1731927450.915705,48
1731927450.9331243,49
1731927450.948368,49
1731927450.9611254,48
1731927450.9740531,49
1731927450.986333,49
1731927451.0107536,49
1731927451.0305078,48
1731927451.0561578,50
1731927451.0723336,51
1731927451.0857308,50
1731927451.1034465,50
1731927451.1155894,51
1731927451.133015,51
1731927451.145948,50
1731927451.1603832,51
1731927451.1767309,51
1731927451.2000554,51
1731927451.2131474,52
1731927451.2271261,52
1731927451.2438154,50
1731927451.2562609,52
1731927451.2687674,52
1731927451.286062,52
1731927451.300862,52
1731927451.3276367,52
1731927451.3533173,51
1731927451.367432,52
1731927451.389275,53
1731927451.4070036,53
1731927451.4238756,53
1731927451.4453056,53
1731927451.4657698,53
1731927451.4923701,53
1731927451.5100648,53
1731927451.5270972,53
1731927451.540941,53
1731927451.5573301,53
1731927451.5785306,54
1731927451.5915852,53
1731927451.6091852,53
1731927451.6242642,55
1731927451.6427495,54
1731927451.664225,54
1731927451.684814,53
1731927451.7028148,55
1731927451.716346,55
1731927451.732888,54
1731927451.7521772,55
1731927451.771069,55
1731927451.7860553,56
1731927451.8110862,56
1731927451.8237276,55
1731927451.847034,56
1731927451.8725998,54
1731927451.8870502,56
1731927451.9018695,56
1731927451.921021,55
1731927451.9474597,56
1731927451.9719765,60
1731927451.995284,66
1731927452.0265584,66
1731927452.0456026,61
1731927452.0727215,59
1731927452.088184,62
1731927452.1118488,63
1731927452.1356788,61
1731927452.1539004,58
1731927452.1697297,57
1731927452.1829996,57
1731927452.1976888,56
1731927452.2205052,58
1731927452.2403982,59
1731927452.2594922,57
1731927452.2790425,59
1731927452.2960572,59
1731927452.3118775,59
1731927452.3257725,59
1731927452.3412876,59
1731927452.354806,60
1731927452.3692162,60
1731927452.3831563,59
1731927452.3957179,60
1731927452.412555,60
1731927452.429907,59
1731927452.4474263,59
1731927452.4612653,60
1731927452.4771316,59
1731927452.492957,59
1731927452.5105257,60
1731927452.5260456,59
1731927452.5404875,61
1731927452.552771,61
1731927452.5687532,60
1731927452.595797,61
1731927452.614947,60
1731927452.6314168,60
1731927452.647429,61
1731927452.6614296,59
1731927452.6830163,61
1731927452.6996207,62
1731927452.7217171,61
1731927452.7427742,61
1731927452.7621062,62
1731927452.7862387,61
1731927452.8006616,61
1731927452.8157682,63
1731927452.8329852,63
1731927452.8469818,63
1731927452.8613448,63
1731927452.8760371,63
1731927452.8939161,62
1731927452.9106984,63
1731927452.9252136,62
1731927452.938059,62
1731927452.9523044,62
1731927452.9646406,63
1731927452.9768507,63
1731927452.994562,62
1731927453.0086994,63
1731927453.0265074,64
1731927453.0428717,62
1731927453.0575836,62
1731927453.0744479,63
1731927453.0877697,64
1731927453.1037042,65
1731927453.1162417,65
1731927453.1336756,66
1731927453.149877,63
1731927453.162221,65
1731927453.1772988,64
1731927453.1947434,65
1731927453.210024,64
1731927453.2254019,66
1731927453.2412393,66
1731927453.2603118,66
1731927453.275499,65
1731927453.2883582,68
1731927453.3017478,67
1731927453.3149288,68
1731927453.3278115,68
1731927453.3456469,67
1731927453.3626106,68
1731927453.3793466,69
1731927453.393266,68
1731927453.408324,69
1731927453.4231756,69
1731927453.436535,69
1731927453.4500978,71
1731927453.4688919,71
1731927453.4828393,72
1731927453.4949677,73
1731927453.509952,73
1731927453.522236,74
1731927453.544336,74
1731927453.5583308,75
1731927453.574283,74
1731927453.5876684,75
1731927453.611007,76
1731927453.6230237,76
1731927453.6373696,77
1731927453.6524782,76
1731927453.6694586,77
1731927453.6827586,78
1731927453.6980858,79
1731927453.711401,78
1731927453.7295797,77
1731927453.748689,80
1731927453.7644858,80
1731927453.7804408,81
1731927453.7970655,79
1731927453.8100953,81
1731927453.8249657,82
1731927453.837924,81
1731927453.851996,82
1731927453.8700085,84
1731927453.8844013,84
1731927453.89977,84
1731927453.91364,84
1731927453.9263039,83
1731927453.9401393,85
1731927453.9565945,86
1731927453.9721022,85
1731927453.9861832,86
1731927454.0085747,87
1731927454.0219152,88
1731927454.038842,88
1731927454.0528646,89
1731927454.0739882,88
1731927454.092139,90
1731927454.1055882,90
1731927454.118379,92
1731927454.1339736,92
1731927454.1496603,91
1731927454.1621299,92
1731927454.185056,93
1731927454.2094803,93
1731927454.2256649,95
1731927454.2515311,95
1731927454.265009,96
1731927454.284743,96
1731927454.3081155,97
1731927454.3251045,98
1731927454.3442113,97
1731927454.361058,99
1731927454.373379,99
1731927454.3854995,100
1731927454.4017599,100
1731927454.4142818,101
1731927454.428912,102
1731927454.4443321,102
1731927454.4570744,104
1731927454.4720016,103
1731927454.487293,104
1731927454.4996827,105
1731927454.512787,104
1731927454.5260725,105
1731927454.545117,103
1731927454.5576515,105
1731927454.5751312,105
1731927454.5888028,104
1731927454.603225,104
1731927454.615949,105
1731927454.6365857,104
1731927454.6558702,105
1731927454.6758263,101
1731927454.696088,95
1731927454.7121782,91
1731927454.7295263,87
1731927454.7468882,83
1731927454.7597904,80
1731927454.7764246,76
1731927454.7896852,74
1731927454.80344,75
1731927454.8161895,75
1731927454.829677,75
1731927454.8450892,68
1731927454.8623784,70
1731927454.8830173,76
1731927454.9011788,76
1731927454.916319,76
1731927454.9298239,76
1731927454.9535232,77
1731927454.966509,76
1731927454.98039,77
1731927454.9999511,77
1731927455.0185874,77
1731927455.031527,78
1731927455.0445673,78
1731927455.0589592,78
1731927455.0764036,79
1731927455.096178,78
1731927455.1161523,79
1731927455.130942,80
1731927455.1445997,79
1731927455.165158,79
1731927455.1809514,81
1731927455.1971748,81
1731927455.2172372,80
1731927455.234955,82
1731927455.2468917,81
1731927455.264003,82
1731927455.281654,82
1731927455.296103,83
1731927455.3138952,82
1731927455.3255243,82
1731927455.3442495,84
1731927455.3602312,81
1731927455.3730106,84
1731927455.386117,83
1731927455.4060001,84
1731927455.4215567,85
1731927455.4424636,83
1731927455.4612088,86
1731927455.4800317,85
1731927455.4963107,86
1731927455.509229,87
1731927455.5231175,87
1731927455.5475373,85
1731927455.5604296,87
1731927455.5753121,87
1731927455.5976286,87
1731927455.6176977,86
1731927455.6346037,89
1731927455.6480813,88
1731927455.667445,88
1731927455.686569,89
1731927455.7046182,90
1731927455.7195487,90
1731927455.7336369,88
1731927455.7509618,90
1731927455.7797103,91
1731927455.797372,92
1731927455.8140683,92
1731927455.8271792,91
1731927455.8466082,91
1731927455.8597996,91
1731927455.8789706,91
1731927455.8916764,93
1731927455.9040177,92
1731927455.9193578,93
1731927455.9337394,93
1731927455.9508092,93
1731927455.9655864,93
1731927455.9818597,94
1731927455.9960196,95
1731927456.015013,95
1731927456.0290792,95
1731927456.0520372,96
1731927456.0704186,94
1731927456.0938628,95
1731927456.110272,96
1731927456.128441,96
1731927456.1499648,97
1731927456.1651762,97
1731927456.184648,98
1731927456.2088888,97
1731927456.2263415,97
1731927456.249051,98
1731927456.276139,97
1731927456.2899938,98
1731927456.3043091,98
1731927456.3198442,97
1731927456.3406823,99
1731927456.3571465,99
1731927456.3770862,99
1731927456.389332,99
1731927456.411739,98
1731927456.4300168,99
1731927456.4524448,100
1731927456.4713497,100
1731927456.4860766,100
1731927456.500236,100
1731927456.514928,100
1731927456.5361986,101
1731927456.54903,101
1731927456.5646203,102
1731927456.5794055,102
1731927456.6020913,101
1731927456.6157925,102
1731927456.631147,101
1731927456.6504908,102
1731927456.6658332,102
1731927456.6887565,103
1731927456.706572,102
1731927456.7213743,102
1731927456.7488194,102
1731927456.7672122,102
1731927456.7803788,104
1731927456.7947195,102
1731927456.8142607,104
1731927456.8301585,103
1731927456.8470693,103
1731927456.8604481,104
1731927456.8753438,104
1731927456.8881834,103
1731927456.9020867,105
1731927456.9154177,104
1731927456.9274232,104
1731927456.9401855,105
1731927456.9562118,104
1731927456.978225,104
1731927456.9924817,104
1731927457.007403,104
1731927457.0289435,104
1731927457.0540423,103
1731927457.0698624,104
1731927457.084366,105
1731927457.0978897,103
1731927457.1136506,104
1731927457.126846,103
1731927457.1504061,104
1731927457.165243,105
1731927457.1816847,105
1731927457.2018654,100
1731927457.2161314,96
1731927457.2299373,93
1731927457.2493002,88
1731927457.2630432,84
1731927457.2756765,81
1731927457.2927105,76
1731927457.3084671,73
1731927457.324435,72
1731927457.3412166,70
1731927457.3554454,71
1731927457.3747513,71
1731927457.3918014,72
1731927457.4119265,73
1731927457.4289072,73
1731927457.4451835,73
1731927457.460298,73
1731927457.4775593,72
1731927457.4945323,72
1731927457.5152826,72
1731927457.5290463,73
1731927457.550988,73
1731927457.5676637,73
1731927457.5836139,74
1731927457.5972545,73
1731927457.6130507,74
1731927457.6304364,74
1731927457.6449454,74
1731927457.6618767,74
1731927457.6800327,73
1731927457.693439,74
1731927457.7093039,76
1731927457.7237344,76
1731927457.7393332,75
1731927457.7523646,74
1731927457.766512,75
1731927457.783048,75
1731927457.8014066,77
1731927457.8144999,76
1731927457.8283613,77
1731927457.84637,76
1731927457.86025,77
1731927457.8811333,76
1731927457.8944154,77
1731927457.909849,77
1731927457.9244795,76
1731927457.9440842,76
1731927457.9603784,77
1731927457.9787934,79
1731927457.991647,78
1731927458.0060701,77
1731927458.0224857,78
1731927458.0395572,79
1731927458.0523329,78
1731927458.0688426,79
1731927458.082893,80
1731927458.0980308,79
1731927458.1096961,79
1731927458.1245542,79
1731927458.1500642,79
1731927458.1665914,79
1731927458.1837676,79
1731927458.1989625,81
1731927458.214896,80
1731927458.2301245,81
1731927458.2447298,80
1731927458.2583153,80
1731927458.2745411,81
1731927458.2945147,81
1731927458.3113937,80
1731927458.3269985,80
1731927458.3449192,81
1731927458.3588688,82
1731927458.3707128,82
1731927458.3842125,82
1731927458.4010496,82
1731927458.417044,83
1731927458.4301977,83
1731927458.4454775,81
1731927458.4601767,81
1731927458.4772325,81
1731927458.489362,83
1731927458.5052178,83
1731927458.5196555,83
1731927458.5353913,82
1731927458.5692215,83
1731927458.5916305,84
1731927458.603744,85
1731927458.6234744,85
1731927458.646862,85
1731927458.6736073,84
1731927458.6864858,85
1731927458.6998181,83
1731927458.711533,84
1731927458.723603,84
1731927458.739143,86
1731927458.754611,85
1731927458.7837687,85
