1731935607.6888716,0
1731935607.702646,0
1731935607.7155461,0
1731935607.7276025,0
1731935607.7401788,0
1731935607.7519948,0
1731935607.764628,0
1731935607.7768795,0
1731935607.7899477,0
1731935607.801929,0
1731935607.816904,0
1731935607.8316836,0
1731935607.8434203,0
1731935607.8553572,0
1731935607.8673558,0
1731935607.879352,0
1731935607.8929472,0
1731935607.908012,0
1731935607.9201694,0
1731935607.9328163,0
1731935607.9457524,0
1731935607.9599876,0
1731935607.9737606,0
1731935607.9859562,0
1731935607.9982603,0
1731935608.0114613,0
1731935608.0251963,0
1731935608.039773,0
1731935608.054645,0
1731935608.0694084,0
1731935608.085627,0
1731935608.1004932,0
1731935608.115116,0
1731935608.1292977,0
1731935608.1414711,0
1731935608.1534207,0
1731935608.1657093,0
1731935608.1785226,0
1731935608.1911204,0
1731935608.2041252,0
1731935608.2169938,0
1731935608.2317672,0
1731935608.2462351,0
1731935608.2594283,0
1731935608.271617,0
1731935608.283993,0
1731935608.2957768,0
1731935608.3087292,0
1731935608.3231747,0
1731935608.3359258,0
1731935608.348572,0
1731935608.3614144,0
1731935608.3743937,0
1731935608.3871584,0
1731935608.401784,0
1731935608.4175062,0
1731935608.4307964,0
1731935608.444494,0
1731935608.4565067,0
1731935608.4695716,0
1731935608.4831564,0
1731935608.4963305,0
1731935608.5099473,0
1731935608.5233102,0
1731935608.5368278,0
1731935608.5523665,0
1731935608.5661366,0
1731935608.5777352,0
1731935608.5900667,0
1731935608.6017997,0
1731935608.6148176,0
1731935608.6269906,0
1731935608.640886,0
1731935608.653447,0
1731935608.6668355,0
1731935608.680469,0
1731935608.6954677,0
1731935608.7087612,1
1731935608.7271113,4
1731935608.7434046,9
1731935608.7575636,7
1731935608.7692366,5
1731935608.7814322,5
1731935608.7944448,4
1731935608.807771,4
1731935608.8207128,4
1731935608.8355224,5
1731935608.8500211,5
1731935608.8633654,5
1731935608.8767912,4
1731935608.8905795,6
1731935608.9066472,5
1731935608.9184122,3
1731935608.9317822,3
1731935608.9444463,4
1731935608.9565592,4
1731935608.9690764,4
1731935608.9813733,5
1731935608.9938762,4
1731935609.006763,4
1731935609.0194724,4
1731935609.0331297,7
1731935609.048659,5
1731935609.062968,5
1731935609.0759273,4
1731935609.0887907,7
1731935609.100923,5
1731935609.1137168,7
1731935609.1263769,5
1731935609.139597,4
1731935609.152408,5
1731935609.1652312,4
1731935609.1814725,5
1731935609.1947124,5
1731935609.2089245,5
1731935609.2215939,4
1731935609.2342863,6
1731935609.247853,4
1731935609.2613187,5
1731935609.2761486,5
1731935609.2891147,5
1731935609.3008115,6
1731935609.313978,5
1731935609.32571,7
1731935609.339184,3
1731935609.3525462,4
1731935609.364956,6
1731935609.376936,5
1731935609.3932176,4
1731935609.4079876,2
1731935609.4202452,5
1731935609.4331994,6
1731935609.4475198,5
1731935609.4620419,5
1731935609.475201,5
1731935609.490166,3
1731935609.5043411,6
1731935609.5158727,6
1731935609.527474,4
1731935609.5390604,4
1731935609.5526555,3
1731935609.5690331,4
1731935609.5841782,5
1731935609.5969281,4
1731935609.6104662,4
1731935609.6231806,4
1731935609.6354506,4
1731935609.6474798,3
1731935609.6592007,4
1731935609.6716669,5
1731935609.686212,3
1731935609.7002754,6
1731935609.7130423,4
1731935609.724868,3
1731935609.7365289,4
1731935609.748136,4
1731935609.759895,5
1731935609.7740395,4
1731935609.7884178,4
1731935609.8011227,5
1731935609.8142333,4
1731935609.8266625,4
1731935609.8387532,5
1731935609.8506954,4
1731935609.8627236,6
1731935609.8751323,4
1731935609.8887873,4
1731935609.901969,4
1731935609.9139879,6
1731935609.9312115,2
1731935609.9438772,5
1731935609.9557972,3
1731935609.9675198,5
1731935609.9796472,4
1731935609.9927998,3
1731935610.0069182,6
1731935610.018404,3
1731935610.029992,6
1731935610.0414793,4
1731935610.0533457,4
1731935610.0651848,3
1731935610.0774305,6
1731935610.0887878,3
1731935610.1004133,5
1731935610.112993,4
1731935610.1266387,6
1731935610.139933,3
1731935610.15155,4
1731935610.164013,4
1731935610.1770701,3
1731935610.1908433,5
1731935610.2030265,4
1731935610.2159643,3
1731935610.2287235,5
1731935610.2409809,5
1731935610.2539747,5
1731935610.265789,6
1731935610.2794688,4
1731935610.2931201,5
1731935610.3055413,5
1731935610.3178754,6
1731935610.3293297,7
1731935610.3421702,5
1731935610.3546789,7
1731935610.3687384,6
1731935610.384662,6
1731935610.398906,6
1731935610.4142363,4
1731935610.4291337,7
1731935610.4438133,6
1731935610.4579937,5
1731935610.470807,6
1731935610.483415,7
1731935610.4958658,6
1731935610.5078504,5
1731935610.5196762,6
1731935610.5321383,6
1731935610.5446525,7
1731935610.5573747,4
1731935610.5695474,6
1731935610.5814059,6
1731935610.593412,6
1731935610.605796,4
1731935610.6185863,7
1731935610.6306746,6
1731935610.6444626,5
1731935610.6563041,4
1731935610.670168,6
1731935610.6825953,5
1731935610.695672,6
1731935610.7097092,5
1731935610.7214231,7
1731935610.733867,5
1731935610.7471292,4
1731935610.7586002,7
1731935610.772246,6
1731935610.7849221,5
1731935610.8001459,6
1731935610.815144,6
1731935610.8284404,5
1731935610.8420866,5
1731935610.8547802,7
1731935610.8666914,6
1731935610.8795347,5
1731935610.89214,8
1731935610.9063485,5
1731935610.9208574,5
1731935610.9338326,6
1731935610.945467,7
1731935610.9578547,6
1731935610.9694974,6
1731935610.9818373,7
1731935610.9941978,6
1731935611.0067284,7
1731935611.0228941,5
1731935611.0386617,5
1731935611.0533838,7
1731935611.0671098,5
1731935611.0809684,5
1731935611.095627,5
1731935611.1086333,6
1731935611.1211479,7
1731935611.134283,6
1731935611.1468518,7
1731935611.1614637,6
1731935611.175937,5
1731935611.188456,6
1731935611.201301,6
1731935611.2161148,5
1731935611.229451,4
1731935611.2434227,6
1731935611.2563624,5
1731935611.269418,4
1731935611.2817967,5
1731935611.295121,3
1731935611.3082662,5
1731935611.3211522,4
1731935611.3341424,4
1731935611.348612,4
1731935611.360629,5
1731935611.3745024,4
1731935611.3869073,5
1731935611.3993418,4
1731935611.41327,4
1731935611.426631,5
1731935611.439001,6
1731935611.452302,5
1731935611.4666703,5
1731935611.4781563,2
1731935611.4923146,3
1731935611.5051565,5
1731935611.5173817,4
1731935611.5306904,5
1731935611.5431802,5
1731935611.5548954,5
1731935611.5666447,5
1731935611.5795362,3
1731935611.5921078,5
1731935611.6066065,6
1731935611.6191661,4
1731935611.6327038,4
1731935611.6445148,4
1731935611.656846,6
1731935611.668949,6
1731935611.6811306,5
1731935611.6926718,5
1731935611.7051435,7
1731935611.7169874,5
1731935611.7299688,6
1731935611.7426314,6
1731935611.7544045,6
1731935611.7675824,4
1731935611.7793524,4
1731935611.7913437,5
1731935611.8039901,3
1731935611.8168821,3
1731935611.829658,6
1731935611.8427434,5
1731935611.8565817,4
1731935611.8683255,7
1731935611.8819542,6
1731935611.8943179,5
1731935611.9074628,7
1731935611.9209957,4
1731935611.9353678,5
1731935611.9487715,5
1731935611.9612412,5
1731935611.9746895,4
1731935611.9890342,3
1731935612.0016887,6
1731935612.0135887,6
1731935612.0251293,5
1731935612.0382009,6
1731935612.0508802,5
1731935612.0640814,6
1731935612.076973,3
1731935612.0919878,4
1731935612.1116042,28
1731935612.1237373,5
1731935612.1362236,5
1731935612.1481137,5
1731935612.1615384,5
1731935612.1751513,5
1731935612.1884055,3
1731935612.2011366,5
1731935612.214033,3
1731935612.2265213,5
1731935612.242389,3
1731935612.2561312,4
1731935612.2689972,4
1731935612.2825642,3
1731935612.2952182,2
1731935612.3077404,6
1731935612.3198836,4
1731935612.333323,4
1731935612.3469574,3
1731935612.359684,7
1731935612.3774,6
1731935612.3892097,2
1731935612.401114,5
1731935612.4138687,4
1731935612.4253824,5
1731935612.4373777,5
1731935612.4497087,4
1731935612.4636276,5
1731935612.4791696,4
1731935612.4939985,6
1731935612.5074558,3
1731935612.5190692,5
1731935612.5345192,2
1731935612.5491998,3
1731935612.5648882,6
1731935612.5805717,5
1731935612.5946817,6
1731935612.6096907,2
1731935612.6243198,3
1731935612.6362767,7
1731935612.6480699,3
1731935612.6604514,6
1731935612.674483,5
1731935612.6868873,2
1731935612.6990533,5
1731935612.7110367,4
1731935612.7260933,4
1731935612.7394977,6
1731935612.752225,5
1731935612.7647266,2
1731935612.7775264,4
1731935612.789875,4
1731935612.801511,4
1731935612.814823,2
1731935612.8274574,6
1731935612.840478,2
1731935612.8528304,6
1731935612.866363,4
1731935612.8795621,4
1731935612.89253,5
1731935612.905688,5
1731935612.917573,1
1731935612.9302773,5
1731935612.94294,3
1731935612.9560902,5
1731935612.9682212,5
1731935612.981338,4
1731935612.9967291,5
1731935613.0108538,5
1731935613.0237842,3
1731935613.035719,3
1731935613.0479414,4
1731935613.059686,3
1731935613.0728848,3
1731935613.0862978,3
1731935613.1014557,3
1731935613.1146655,4
1731935613.1264095,46
1731935613.1391068,6
1731935613.1516101,3
1731935613.1643703,3
1731935613.1796465,4
1731935613.193413,5
1731935613.211889,5
1731935613.229159,4
1731935613.2427227,3
1731935613.2542667,5
1731935613.2666554,6
1731935613.2791753,2
1731935613.2913437,6
1731935613.3029237,3
1731935613.318098,3
1731935613.332719,5
1731935613.34953,3
1731935613.3621078,6
1731935613.374927,3
1731935613.3882008,2
1731935613.4003987,6
1731935613.4135613,5
1731935613.4254696,4
1731935613.4377456,4
1731935613.449648,5
1731935613.4613905,5
1731935613.4742167,2
1731935613.4860837,6
1731935613.5004034,6
1731935613.5132177,3
1731935613.5262957,4
1731935613.5395753,5
1731935613.5510585,4
1731935613.5648677,5
1731935613.577224,4
1731935613.5893397,2
1731935613.6012537,3
1731935613.61369,5
1731935613.6268945,5
1731935613.639509,3
1731935613.653589,3
1731935613.6656067,5
1731935613.677846,3
1731935613.6900597,6
1731935613.7029755,4
1731935613.7146907,3
1731935613.7274861,5
1731935613.7400455,4
1731935613.7536528,4
1731935613.7663448,4
1731935613.7812343,4
1731935613.7940164,3
1731935613.8101768,3
1731935613.8239567,4
1731935613.8357568,5
1731935613.8480904,2
1731935613.8624368,6
1731935613.8751893,3
1731935613.8869448,4
1731935613.8996472,5
1731935613.9130611,4
1731935613.9251988,4
1731935613.9376338,3
1731935613.949273,4
1731935613.9612162,4
1731935613.975557,3
1731935613.9882343,4
1731935614.002225,5
1731935614.016968,5
1731935614.030943,5
1731935614.0484915,4
1731935614.0623822,2
1731935614.076904,5
1731935614.0903075,5
1731935614.1026168,3
1731935614.115127,4
1731935614.1267848,4
1731935614.138938,5
1731935614.1511476,30
1731935614.162955,6
1731935614.1759076,4
1731935614.187507,3
1731935614.1993463,5
1731935614.2114823,5
1731935614.2239268,3
1731935614.2372625,5
1731935614.2496977,1
1731935614.261728,5
1731935614.274339,2
1731935614.287626,4
1731935614.3000777,6
1731935614.3118954,4
1731935614.3249729,4
1731935614.33855,4
1731935614.351305,5
1731935614.36489,5
1731935614.379076,7
1731935614.3924723,8
1731935614.406148,4
1731935614.4179814,5
1731935614.4301069,5
1731935614.4427693,5
1731935614.4552104,7
1731935614.467287,5
1731935614.482181,5
1731935614.494538,5
1731935614.5071023,3
1731935614.5187893,5
1731935614.5305102,5
1731935614.5427709,6
1731935614.554828,3
1731935614.5698955,5
1731935614.582928,3
1731935614.5958354,4
1731935614.6080885,3
1731935614.6207848,3
1731935614.6349697,4
1731935614.6486049,4
1731935614.6624348,3
1731935614.6789815,3
1731935614.6919024,4
1731935614.7044582,5
1731935614.7207875,2
1731935614.7333295,4
1731935614.7457626,3
1731935614.757508,7
1731935614.7737072,5
1731935614.7859292,3
1731935614.7977154,6
1731935614.81179,3
1731935614.8270037,6
1731935614.8424494,3
1731935614.856243,5
1731935614.8691123,3
1731935614.8810635,6
1731935614.893856,3
1731935614.9078014,3
1731935614.9202378,3
1731935614.9332345,5
1731935614.9456854,5
1731935614.958174,2
1731935614.9714699,6
1731935614.984407,5
1731935614.9963582,3
1731935615.008982,4
1731935615.0204508,3
1731935615.0329223,3
1731935615.0448587,4
1731935615.056653,3
1731935615.0683913,4
1731935615.0817604,4
1731935615.0951133,3
1731935615.1089978,6
1731935615.122793,6
1731935615.135428,3
1731935615.1478827,4
1731935615.1607652,4
1731935615.1746788,4
1731935615.1874714,3
1731935615.2006283,5
1731935615.2137372,4
1731935615.2257931,3
1731935615.238354,4
1731935615.2512925,4
1731935615.2659976,6
1731935615.2793455,4
1731935615.292369,4
1731935615.3060973,5
1731935615.319841,5
1731935615.3322823,5
1731935615.344938,2
1731935615.3567045,4
1731935615.3692017,5
1731935615.3824952,4
1731935615.3960154,3
1731935615.4090083,6
1731935615.4209836,4
1731935615.4330995,3
1731935615.445083,3
1731935615.4575114,5
1731935615.4709084,5
1731935615.4840264,4
1731935615.497368,4
1731935615.509504,4
1731935615.522294,4
1731935615.5361881,3
1731935615.548062,5
1731935615.5599828,5
1731935615.57274,3
1731935615.5848005,5
1731935615.5998795,5
1731935615.613631,3
1731935615.630091,4
1731935615.6449645,2
1731935615.6614344,3
1731935615.6773553,5
1731935615.691934,6
1731935615.706252,3
1731935615.7196944,6
1731935615.732613,4
1731935615.74673,3
1731935615.7603426,1
1731935615.7732923,5
1731935615.785745,2
1731935615.8002272,2
1731935615.813297,5
1731935615.8250856,4
1731935615.839452,3
1731935615.852342,5
1731935615.8697503,3
1731935615.882922,6
1731935615.8974726,4
1731935615.9127357,5
1731935615.9271047,4
1731935615.9402437,4
1731935615.9523494,5
1731935615.964317,5
1731935615.9760156,5
1731935615.9875467,3
1731935616.0007231,5
1731935616.0132928,2
1731935616.0269945,5
1731935616.0417583,3
1731935616.0536878,5
1731935616.0658903,3
1731935616.0783997,3
1731935616.0906754,5
1731935616.1023474,4
1731935616.1142356,3
1731935616.127009,5
1731935616.1398187,3
1731935616.153269,3
1731935616.164941,5
1731935616.1768904,2
1731935616.1908548,3
1731935616.2040682,3
1731935616.2175777,4
1731935616.2308006,4
1731935616.2439728,5
1731935616.2567027,4
1731935616.2692983,4
1731935616.2813067,2
1731935616.294423,6
1731935616.309804,4
1731935616.3252883,6
1731935616.3386624,3
1731935616.351646,3
1731935616.364889,2
1731935616.3787713,6
1731935616.3904412,2
1731935616.4020343,5
1731935616.414453,4
1731935616.426581,3
1731935616.4395268,5
1731935616.4522262,2
1731935616.466042,4
1731935616.4819157,6
1731935616.4946644,3
1731935616.5076458,4
1731935616.5205903,5
1731935616.5325809,5
1731935616.5454524,4
1731935616.558158,3
1731935616.5698822,5
1731935616.5818682,4
1731935616.5947094,3
1731935616.6083739,4
1731935616.620311,4
1731935616.6329148,4
1731935616.6464586,5
1731935616.6593587,3
1731935616.6722279,4
1731935616.684272,3
1731935616.6968784,4
1731935616.7094138,4
1731935616.7210445,4
1731935616.7330048,4
1731935616.746037,3
1731935616.758227,6
1731935616.7721632,4
1731935616.7844145,3
1731935616.7980714,6
1731935616.809706,3
1731935616.8216045,5
1731935616.833637,4
1731935616.8471973,4
1731935616.8602433,5
1731935616.8749304,6
1731935616.8887525,2
1731935616.901019,4
1731935616.9128566,3
1731935616.9247293,4
1731935616.9368868,4
1731935616.949489,4
1731935616.9622853,5
1731935616.9762483,4
1731935616.9903233,5
1731935617.0021455,2
1731935617.0138242,5
1731935617.025646,4
1731935617.037315,5
1731935617.0503638,5
1731935617.0640721,6
1731935617.0781863,3
1731935617.0916348,6
1731935617.105757,2
1731935617.119768,3
1731935617.1329668,5
1731935617.14533,2
1731935617.1570284,3
1731935617.1695964,2
1731935617.181091,4
1731935617.1939561,5
1731935617.2081115,5
1731935617.223374,4
1731935617.238028,5
1731935617.2504902,3
1731935617.262894,5
1731935617.2747376,2
1731935617.2870843,5
1731935617.3002942,3
1731935617.3132472,5
1731935617.3256156,5
1731935617.3386657,2
1731935617.3546093,3
1731935617.3688002,6
1731935617.383807,3
1731935617.396263,6
1731935617.4085023,2
1731935617.4208262,3
1731935617.4349978,5
1731935617.4485927,5
1731935617.4612236,4
1731935617.4741673,2
1731935617.4861815,6
1731935617.498322,4
1731935617.510034,5
1731935617.5224047,4
1731935617.5342515,3
1731935617.5469851,6
1731935617.5590837,3
1731935617.5716045,4
1731935617.583828,3
1731935617.5974636,5
1731935617.6091523,3
1731935617.6224852,4
1731935617.634132,4
1731935617.647282,5
1731935617.6589975,2
1731935617.6702754,6
1731935617.6817884,4
1731935617.6943927,5
1731935617.7076955,4
1731935617.7199872,4
1731935617.7331257,5
1731935617.746358,4
1731935617.7585638,4
1731935617.773308,3
1731935617.7882464,4
1731935617.8021214,6
1731935617.8160663,3
1731935617.8309264,5
1731935617.8452728,5
1731935617.859411,6
1731935617.877191,4
1731935617.8950324,4
1731935617.9112155,5
1731935617.9262671,6
1731935617.9402409,3
1731935617.952729,3
1731935617.9657688,3
1731935617.9782681,5
1731935617.990971,5
1731935618.0043454,2
1731935618.016719,6
1731935618.0286887,5
1731935618.0430624,6
1731935618.0575097,4
1731935618.0697703,2
1731935618.081548,5
1731935618.0939,4
1731935618.108546,6
1731935618.1217606,3
1731935618.1356797,5
1731935618.1478596,2
1731935618.1610818,5
1731935618.1742625,4
1731935618.1869743,4
1731935618.2020264,4
1731935618.216377,5
1731935618.2285101,3
1731935618.2423356,3
1731935618.2551749,5
1731935618.2673707,4
1731935618.2796872,5
1731935618.2921453,3
1731935618.3041112,4
1731935618.3166213,2
1731935618.3291974,5
1731935618.3424933,4
1731935618.3554893,5
1731935618.3678334,3
1731935618.3807602,6
1731935618.393565,4
1731935618.4061694,5
1731935618.4179206,2
1731935618.429978,5
1731935618.4428966,7
1731935618.45597,2
1731935618.4686544,4
1731935618.4813993,5
1731935618.49448,2
1731935618.5089362,3
1731935618.5220866,4
1731935618.533721,5
1731935618.546556,4
1731935618.5600812,3
1731935618.5739815,3
1731935618.585712,4
1731935618.5985663,4
1731935618.6115756,6
1731935618.6235425,3
1731935618.6364813,4
1731935618.649935,3
1731935618.6618686,4
1731935618.6736002,3
1731935618.685538,4
1731935618.6968713,5
1731935618.7105002,4
1731935618.7231455,3
1731935618.7366102,5
1731935618.7496576,5
1731935618.7621894,5
1731935618.7745821,5
1731935618.7859693,2
1731935618.797903,6
1731935618.8102744,3
1731935618.8228326,5
1731935618.8356934,3
1731935618.8482537,5
1731935618.8601384,4
1731935618.873415,4
1731935618.8860595,4
1731935618.8987765,4
1731935618.9121222,4
1731935618.925348,4
1731935618.940764,6
1731935618.9540977,3
1731935618.9674687,3
1731935618.979934,4
1731935618.9919388,3
1731935619.0041811,5
1731935619.0172732,4
1731935619.029155,4
1731935619.0419524,4
1731935619.0535774,4
1731935619.064844,5
1731935619.0769355,3
1731935619.0898163,5
1731935619.1031337,3
1731935619.1163049,4
1731935619.1295006,4
1731935619.1440759,5
1731935619.15876,5
1731935619.1731343,4
1731935619.1845696,4
1731935619.1961045,3
1731935619.208429,5
1731935619.2219548,3
1731935619.2373314,4
1731935619.251442,4
1731935619.2638457,6
1731935619.2756886,2
1731935619.287926,5
1731935619.30008,3
1731935619.3121,3
1731935619.324285,6
1731935619.3385355,3
1731935619.3528705,3
1731935619.3692214,5
1731935619.3819835,4
1731935619.3958871,4
1731935619.408536,5
1731935619.420977,4
1731935619.4354856,3
1731935619.4512522,3
1731935619.4644272,5
1731935619.4772966,4
1731935619.489304,3
1731935619.500925,4
1731935619.5134509,4
1731935619.5253456,3
1731935619.5395067,5
1731935619.5544531,4
1731935619.5669293,5
1731935619.5789108,1
1731935619.5907218,6
1731935619.6039796,4
1731935619.616725,5
1731935619.6318307,3
1731935619.6461442,3
1731935619.6590238,5
1731935619.671119,5
1731935619.6827748,4
1731935619.695118,2
1731935619.7076766,5
1731935619.7193913,4
1731935619.7317066,3
1731935619.7453024,3
1731935619.7587929,4
1731935619.7714622,5
1731935619.7836192,4
1731935619.7973194,3
1731935619.8107975,3
1731935619.8253198,5
1731935619.8410554,4
1731935619.8529887,4
1731935619.8649035,3
1731935619.8778803,4
1731935619.8940136,6
1731935619.9098263,4
1731935619.9252644,4
1731935619.9413195,4
1731935619.9554248,6
1731935619.9691765,5
1731935619.9825716,4
1731935619.9945505,3
1731935620.0078135,4
1731935620.019444,4
1731935620.0318618,5
1731935620.044507,4
1731935620.0567064,3
1731935620.069496,5
1731935620.0812285,4
1731935620.092943,4
1731935620.1052754,2
1731935620.1167004,6
1731935620.1326385,4
1731935620.1452534,5
1731935620.1587415,2
1731935620.1718059,4
1731935620.185068,4
1731935620.1966293,6
1731935620.2101948,3
1731935620.2244372,4
1731935620.2375536,4
1731935620.248996,3
1731935620.263056,5
1731935620.2768521,5
1731935620.2909405,4
1731935620.305143,4
1731935620.3178327,4
1731935620.3362963,5
1731935620.3528848,4
1731935620.3704188,4
1731935620.385127,4
1731935620.3998644,5
1731935620.4129798,4
1731935620.425744,5
1731935620.4380252,3
1731935620.4513333,4
1731935620.4655662,5
1731935620.4886434,4
1731935620.5036983,4
1731935620.5181084,5
1731935620.5307713,3
1731935620.5422873,2
1731935620.5542078,3
1731935620.5659306,6
1731935620.5779479,3
1731935620.5910206,4
1731935620.605833,4
1731935620.618314,5
1731935620.6304946,4
1731935620.642354,3
1731935620.65405,4
1731935620.6660469,4
1731935620.6784596,3
1731935620.6910267,4
1731935620.7036116,5
1731935620.716037,3
1731935620.728256,3
1731935620.7411711,5
1731935620.7530572,3
1731935620.765275,3
1731935620.7808375,5
1731935620.7935612,4
1731935620.806165,4
1731935620.8180995,4
1731935620.8293397,4
1731935620.8427093,2
1731935620.8564746,6
1731935620.8695068,4
1731935620.8816483,3
1731935620.8939414,5
1731935620.906245,2
1731935620.9178863,5
1731935620.9295478,4
1731935620.9454005,3
1731935620.959907,3
1731935620.9739907,3
1731935620.9885614,4
1731935621.0050013,6
1731935621.0174205,3
1731935621.0287826,4
1731935621.0408044,4
1731935621.0567784,5
1731935621.0710347,5
