1731930967.3564801,0
1731930967.3693688,0
1731930967.3812575,0
1731930967.3938322,0
1731930967.4083014,0
1731930967.423487,0
1731930967.435008,0
1731930967.4491282,0
1731930967.4618764,0
1731930967.474821,0
1731930967.4879694,0
1731930967.501346,0
1731930967.5144262,0
1731930967.526616,0
1731930967.5398502,0
1731930967.553086,0
1731930967.564768,0
1731930967.5780811,0
1731930967.592113,0
1731930967.6043296,0
1731930967.6166263,0
1731930967.6291614,0
1731930967.6423588,0
1731930967.6539862,0
1731930967.6674373,0
1731930967.6809096,0
1731930967.6929064,0
1731930967.7047865,0
1731930967.7184632,0
1731930967.7332356,0
1731930967.7456367,0
1731930967.7579625,0
1731930967.771661,0
1731930967.7844942,0
1731930967.7970035,0
1731930967.8095138,0
1731930967.8239565,0
1731930967.836011,0
1731930967.8494215,0
1731930967.8623528,0
1731930967.875496,0
1731930967.8873303,0
1731930967.8990989,0
1731930967.9132817,0
1731930967.9254162,0
1731930967.9381201,0
1731930967.9499075,0
1731930967.9640002,0
1731930967.9759724,0
1731930967.9887223,0
1731930968.0008318,0
1731930968.0165553,0
1731930968.0305529,0
1731930968.0435302,0
1731930968.0564926,0
1731930968.068187,0
1731930968.0817952,0
1731930968.095009,0
1731930968.1074648,0
1731930968.1209252,0
1731930968.1346793,0
1731930968.1478102,0
1731930968.1600351,0
1731930968.1730516,0
1731930968.1855845,0
1731930968.1985478,0
1731930968.2113593,0
1731930968.2252269,0
1731930968.2369492,0
1731930968.2496567,0
1731930968.2621458,0
1731930968.2758458,0
1731930968.2880187,0
1731930968.3020778,0
1731930968.3140461,0
1731930968.3284497,0
1731930968.348183,1
1731930968.3603861,0
1731930968.3759387,11
1731930968.3908617,10
1731930968.4037871,14
1731930968.4165733,14
1731930968.4298415,16
1731930968.4420936,22
1731930968.4554877,23
1731930968.4684684,23
1731930968.4815505,24
1731930968.4950135,24
1731930968.5115292,24
1731930968.5256026,25
1731930968.5417237,27
1731930968.5540826,27
1731930968.5677452,26
1731930968.5823689,26
1731930968.5939195,28
1731930968.60837,28
1731930968.6203723,29
1731930968.6345286,29
1731930968.65233,29
1731930968.6650798,32
1731930968.6768956,30
1731930968.6888206,31
1731930968.7044365,31
1731930968.7163472,34
1731930968.7282357,34
1731930968.7432065,34
1731930968.7556536,34
1731930968.7683709,35
1731930968.782559,36
1731930968.7944202,36
1731930968.8084543,38
1731930968.8221319,37
1731930968.8360128,38
1731930968.8496253,39
1731930968.8638449,40
1731930968.8767889,39
1731930968.8890295,40
1731930968.9029443,39
1731930968.9162114,41
1731930968.928927,43
1731930968.944724,42
1731930968.9578202,42
1731930968.9707925,44
1731930968.9831612,44
1731930968.9977546,43
1731930969.0110085,44
1731930969.0260468,47
1731930969.0374217,45
1731930969.0497653,47
1731930969.061504,47
1731930969.0767112,49
1731930969.0887787,47
1731930969.100906,50
1731930969.1164515,49
1731930969.1278908,51
1731930969.1410167,50
1731930969.1528633,51
1731930969.1690273,53
1731930969.1813562,53
1731930969.193232,52
1731930969.2050889,53
1731930969.2195327,54
1731930969.2324915,53
1731930969.2451887,56
1731930969.2581122,54
1731930969.2703705,55
1731930969.28317,57
1731930969.2954948,57
1731930969.3087566,56
1731930969.3208597,58
1731930969.3336542,59
1731930969.3461413,59
1731930969.3590827,60
1731930969.371692,60
1731930969.3840804,60
1731930969.3958406,62
1731930969.4092536,61
1731930969.4208443,63
1731930969.432485,61
1731930969.4450662,62
1731930969.458559,63
1731930969.4729702,65
1731930969.4850397,65
1731930969.499922,66
1731930969.512745,66
1731930969.5251305,66
1731930969.537107,67
1731930969.5500312,66
1731930969.5639036,67
1731930969.5772939,69
1731930969.5922146,69
1731930969.6047263,69
1731930969.6174102,70
1731930969.630438,72
1731930969.6437893,71
1731930969.6557364,72
1731930969.6687973,71
1731930969.683948,73
1731930969.69729,74
1731930969.709209,75
1731930969.7227416,74
1731930969.7399852,74
1731930969.7535565,75
1731930969.765395,77
1731930969.7789092,77
1731930969.7916799,77
1731930969.8050067,79
1731930969.8169076,77
1731930969.8292263,80
1731930969.8417614,79
1731930969.855366,81
1731930969.8679476,81
1731930969.8837938,80
1731930969.8967733,82
1731930969.9099886,83
1731930969.923814,83
1731930969.937478,83
1731930969.949733,84
1731930969.9638078,83
1731930969.9780521,86
1731930969.9898658,84
1731930970.0057788,86
1731930970.018426,87
1731930970.030016,87
1731930970.0459044,88
1731930970.059377,88
1731930970.0709798,89
1731930970.0860627,90
1731930970.0979812,91
1731930970.1097004,91
1731930970.1222115,90
1731930970.1352441,92
1731930970.1495183,93
1731930970.161548,92
1731930970.175941,92
1731930970.1890569,94
1731930970.2009346,94
1731930970.2134955,94
1731930970.225806,95
1731930970.2396307,96
1731930970.2519844,96
1731930970.2645128,96
1731930970.2793581,97
1731930970.2920961,99
1731930970.3048594,98
1731930970.3189473,98
1731930970.3309765,100
1731930970.3433318,100
1731930970.3557591,100
1731930970.3715813,100
1731930970.385556,101
1731930970.3977435,101
1731930970.412649,102
1731930970.425515,103
1731930970.438273,104
1731930970.4523084,105
1731930970.4645553,104
1731930970.47687,104
1731930970.488841,104
1731930970.5036614,105
1731930970.516876,105
1731930970.5286524,103
1731930970.5465364,103
1731930970.5589323,104
1731930970.5772195,105
1731930970.5908098,105
1731930970.6063063,103
1731930970.6196544,99
1731930970.6370964,95
1731930970.6494699,92
1731930970.6637475,88
1731930970.6766531,84
1731930970.695314,80
1731930970.7095609,76
1731930970.7228043,75
1731930970.739963,75
1731930970.752273,75
1731930970.7653956,75
1731930970.7792246,75
1731930970.7914293,74
1731930970.8037128,75
1731930970.8164794,75
1731930970.8302608,75
1731930970.8430045,76
1731930970.855671,76
1731930970.867401,76
1731930970.8807929,76
1731930970.893345,77
1731930970.9050415,77
1731930970.9182193,77
1731930970.931346,77
1731930970.9448824,78
1731930970.95966,78
1731930970.9747612,78
1731930970.9875488,78
1731930971.0010343,79
1731930971.015375,78
1731930971.0278003,78
1731930971.0447645,79
1731930971.0565739,79
1731930971.0701983,79
1731930971.083691,79
1731930971.0980043,79
1731930971.1123815,80
1731930971.125339,81
1731930971.1371975,81
1731930971.1496363,81
1731930971.1631303,81
1731930971.1764104,81
1731930971.1908317,81
1731930971.2039561,81
1731930971.21581,82
1731930971.2312448,83
1731930971.2442572,82
1731930971.2575939,81
1731930971.2706773,84
1731930971.2863183,83
1731930971.298328,83
1731930971.3123214,83
1731930971.3273444,84
1731930971.3408234,85
1731930971.3548281,83
1731930971.3684728,84
1731930971.3808253,85
1731930971.3948882,85
1731930971.407957,84
1731930971.4205785,86
1731930971.4352295,87
1731930971.4483743,86
1731930971.4621732,87
1731930971.477276,86
1731930971.489564,87
1731930971.5037892,88
1731930971.517201,88
1731930971.5296156,88
1731930971.543427,87
1731930971.5597713,88
1731930971.5723073,88
1731930971.5873988,87
1731930971.6008918,88
1731930971.6146853,90
1731930971.6298487,89
1731930971.642845,88
1731930971.65545,90
1731930971.669651,89
1731930971.68296,89
1731930971.6966884,90
1731930971.710483,90
1731930971.7221591,90
1731930971.7354996,90
1731930971.7501934,92
1731930971.762068,92
1731930971.7760398,91
1731930971.7902794,92
1731930971.8022513,92
1731930971.8144617,92
1731930971.827986,93
1731930971.8428733,92
1731930971.856564,93
1731930971.8715463,94
1731930971.8850667,93
1731930971.896887,93
1731930971.9124558,95
1731930971.9255776,94
1731930971.9376168,94
1731930971.9523747,94
1731930971.9644587,94
1731930971.9779336,96
1731930971.9935503,95
1731930972.0062919,94
1731930972.0233712,94
1731930972.0363495,96
1731930972.0528286,97
1731930972.0646172,95
1731930972.0799582,95
1731930972.0935848,95
1731930972.1057413,96
1731930972.121101,98
1731930972.1340802,97
1731930972.1480005,97
1731930972.1621802,98
1731930972.175895,98
1731930972.190401,100
1731930972.2030778,101
1731930972.216567,100
1731930972.231983,101
1731930972.245892,100
1731930972.2600532,101
1731930972.2761214,102
1731930972.2898211,100
1731930972.3032436,101
1731930972.3154495,99
1731930972.3274298,99
1731930972.3409002,100
1731930972.3543472,99
1731930972.3665838,99
1731930972.3811667,100
1731930972.394273,101
1731930972.4078426,100
1731930972.4233634,101
1731930972.4357872,101
1731930972.4482903,100
1731930972.461437,100
1731930972.4784217,101
1731930972.4937816,102
1731930972.5063453,102
1731930972.5189192,101
1731930972.53453,102
1731930972.548777,100
1731930972.5606596,101
1731930972.5751026,102
1731930972.5889342,102
1731930972.6002495,103
1731930972.6150134,101
1731930972.6288638,101
1731930972.6421778,101
1731930972.656299,103
1731930972.6697063,102
1731930972.6822824,103
1731930972.6953778,103
1731930972.7102249,103
1731930972.7235818,103
1731930972.7381442,103
1731930972.7507365,104
1731930972.7628007,104
1731930972.777681,103
1731930972.7916002,104
1731930972.80456,103
1731930972.8175483,103
1731930972.8311942,103
1731930972.844842,105
1731930972.8602335,105
1731930972.8781974,104
1731930972.8915148,104
1731930972.9047997,104
1731930972.916893,104
1731930972.930042,105
1731930972.9424698,104
1731930972.9574273,104
1731930972.972354,104
1731930972.9843447,104
1731930972.9962022,104
1731930973.010372,104
1731930973.0227392,104
1731930973.035223,104
1731930973.0478537,103
1731930973.0611157,104
1731930973.073499,104
1731930973.0850875,105
1731930973.098176,104
1731930973.1135552,103
1731930973.1268513,99
1731930973.141641,96
1731930973.1544993,92
1731930973.167428,89
1731930973.1820505,86
1731930973.194595,82
1731930973.2092307,78
1731930973.2239494,75
1731930973.2379682,70
1731930973.2510827,72
1731930973.2632198,72
1731930973.2753046,72
1731930973.2890391,71
1731930973.3031483,72
1731930973.3169775,71
1731930973.3298025,72
1731930973.3434603,73
1731930973.355971,72
1731930973.3709826,72
1731930973.3869276,72
1731930973.399705,72
1731930973.4147098,72
1731930973.4267468,72
1731930973.4399886,74
1731930973.4547155,74
1731930973.4669812,73
1731930973.4794934,73
1731930973.4963214,73
1731930973.5094743,72
1731930973.5223,74
1731930973.5369205,75
1731930973.5493107,74
1731930973.562123,74
1731930973.5775404,75
1731930973.5902581,75
1731930973.6070492,74
1731930973.6189322,75
1731930973.6309376,76
1731930973.644732,75
1731930973.6578853,76
1731930973.6701365,76
1731930973.6828122,75
1731930973.6960788,74
1731930973.7088692,77
1731930973.722418,76
1731930973.7397828,75
1731930973.7513666,76
1731930973.7633367,76
1731930973.7768621,77
1731930973.7920148,76
1731930973.8062372,77
1731930973.8199527,78
1731930973.833442,77
1731930973.8496099,78
1731930973.8616743,78
1731930973.8796864,77
1731930973.8927968,78
1731930973.9072607,79
1731930973.920775,78
1731930973.9324398,78
1731930973.9457242,79
1731930973.9590347,78
1731930973.972701,79
1731930973.9844136,79
1731930973.995898,78
1731930974.0097747,79
1731930974.0218127,79
1731930974.0341728,79
1731930974.0467768,79
1731930974.0610216,79
1731930974.0761347,79
1731930974.0887747,80
1731930974.1016989,81
1731930974.116542,80
1731930974.1288369,80
1731930974.1431303,80
1731930974.1554866,80
1731930974.167549,80
1731930974.1827157,80
1731930974.1965694,80
1731930974.209694,82
1731930974.2233539,81
1731930974.2368207,82
1731930974.2514904,82
1731930974.262928,82
1731930974.2777915,82
1731930974.2908359,81
1731930974.3042285,82
1731930974.3179252,82
1731930974.3329587,81
1731930974.346269,82
1731930974.3588502,82
1731930974.3713346,82
1731930974.3845353,83
1731930974.3970766,82
1731930974.4092314,83
1731930974.4238782,83
1731930974.4363751,83
1731930974.4495304,84
1731930974.4638367,82
1731930974.4785876,84
1731930974.490272,83
1731930974.5030665,84
1731930974.5169408,83
1731930974.529314,82
1731930974.5424664,84
1731930974.5557952,84
1731930974.5690982,84
1731930974.5826206,83
1731930974.5962498,84
1731930974.608169,84
1731930974.6213446,83
1731930974.636337,83
1731930974.6499548,84
1731930974.6620164,85
1731930974.6767673,85
1731930974.6891208,84
1731930974.7016175,84
1731930974.717533,85
1731930974.7290936,85
1731930974.7427294,86
1731930974.7550945,86
1731930974.7678664,85
1731930974.7814052,86
1731930974.7948399,86
1731930974.8083751,86
1731930974.8221133,85
1731930974.8353486,86
1731930974.8496027,86
1731930974.861762,87
1731930974.8752282,86
1731930974.8867712,86
1731930974.8990638,86
1731930974.9136,86
1731930974.9261222,86
1731930974.941133,85
1731930974.9534254,85
1731930974.9665794,86
1731930974.9807665,87
1731930974.9935775,86
1731930975.0072377,87
1731930975.020884,86
1731930975.0328584,86
1731930975.0474923,85
1731930975.0618513,86
1731930975.0764668,86
1731930975.0879683,86
1731930975.100553,86
1731930975.1142561,86
1731930975.1258113,88
1731930975.142888,88
1731930975.1547437,88
1731930975.165993,87
1731930975.1792092,88
1731930975.1932898,88
1731930975.204993,86
1731930975.2179606,86
1731930975.230409,87
1731930975.2448246,88
1731930975.2579384,87
1731930975.2698991,87
1731930975.28448,87
1731930975.2969105,87
1731930975.31406,86
1731930975.3260996,86
1731930975.3390846,87
1731930975.3513443,88
1731930975.366317,87
1731930975.3796206,86
1731930975.3923445,88
1731930975.4070911,88
1731930975.420937,88
1731930975.4335375,88
1731930975.4470177,87
1731930975.460388,88
1731930975.4757998,88
1731930975.4877613,88
1731930975.4999282,88
1731930975.5127246,87
1731930975.52477,87
1731930975.537921,89
1731930975.5514023,87
1731930975.563513,87
1731930975.5771248,88
1731930975.589297,88
1731930975.6044252,89
1731930975.6184177,88
1731930975.6307814,88
1731930975.64522,88
1731930975.6590078,89
1731930975.6723504,88
1731930975.684724,88
1731930975.6980574,88
1731930975.7109518,88
1731930975.7247162,88
1731930975.740418,87
1731930975.7530656,89
1731930975.7654107,89
1731930975.7790933,88
1731930975.7916358,89
1731930975.8060398,89
1731930975.8195562,89
1731930975.8315454,88
1731930975.8455696,89
1731930975.8600392,89
1731930975.8733904,88
1731930975.8923268,88
1731930975.9045994,88
1731930975.91691,88
1731930975.932376,89
1731930975.9447682,89
1731930975.9569457,89
1731930975.9682524,87
1731930975.9822829,88
1731930975.9958408,88
1731930976.0084972,88
1731930976.0227234,88
1731930976.0357661,88
1731930976.048644,89
1731930976.061947,88
1731930976.0770893,87
1731930976.0887227,88
1731930976.1019287,87
1731930976.1172276,88
1731930976.128962,89
1731930976.1421993,89
1731930976.1564417,88
1731930976.170135,89
1731930976.1831877,88
1731930976.1961153,88
1731930976.2088706,89
1731930976.2232552,89
1731930976.237631,87
1731930976.2498264,89
1731930976.2614124,87
1731930976.2777584,88
1731930976.290213,87
1731930976.301665,88
1731930976.313353,88
1731930976.3259938,88
1731930976.3399925,88
1731930976.3517756,89
1731930976.3666155,88
1731930976.380676,89
1731930976.3925915,89
1731930976.4044363,89
1731930976.4173863,88
1731930976.4303982,88
1731930976.4421837,88
1731930976.4541507,88
1731930976.4688733,88
1731930976.4817715,87
1731930976.494286,87
1731930976.510765,88
1731930976.5234165,89
1731930976.5364745,88
1731930976.5509799,87
1731930976.5630882,88
1731930976.5755687,88
1731930976.5872228,88
1731930976.5993679,88
1731930976.6123438,88
1731930976.6246715,87
1731930976.6367788,87
1731930976.6490402,89
1731930976.6611998,89
1731930976.6760209,89
1731930976.6878283,89
1731930976.7007635,89
1731930976.7140741,87
1731930976.7282412,88
1731930976.743281,88
1731930976.755325,88
1731930976.7671304,88
1731930976.7801678,89
1731930976.7955995,88
1731930976.8078263,88
1731930976.8204448,88
1731930976.83401,89
1731930976.8474867,88
1731930976.8598166,88
1731930976.875187,88
1731930976.886837,89
1731930976.8983533,87
1731930976.9113252,89
1731930976.923361,89
1731930976.9384856,88
1731930976.9499161,89
1731930976.963598,87
1731930976.979673,88
1731930976.992454,88
1731930977.0055215,89
1731930977.01788,89
1731930977.0307443,88
1731930977.0439978,90
1731930977.056229,88
1731930977.0717072,89
1731930977.0846639,89
1731930977.0967426,89
1731930977.1115482,88
1731930977.1238182,88
1731930977.1360893,90
1731930977.1480987,90
1731930977.1644938,89
1731930977.1763017,89
1731930977.1879587,89
1731930977.1997173,90
1731930977.2119274,90
1731930977.2286313,90
1731930977.2408166,90
1731930977.2542946,89
1731930977.266611,88
1731930977.2794719,91
1731930977.291271,91
1731930977.3033082,91
1731930977.318863,89
1731930977.3319063,89
1731930977.344708,91
1731930977.359954,90
1731930977.3717334,91
1731930977.383409,91
1731930977.3954842,91
1731930977.4109552,90
1731930977.4244475,91
1731930977.4376693,91
1731930977.4548817,91
1731930977.46681,90
1731930977.4807618,91
1731930977.4946039,91
1731930977.5069296,92
1731930977.5218768,92
1731930977.535135,91
1731930977.5475004,90
1731930977.5624163,92
1731930977.5755208,91
1731930977.5905945,91
1731930977.603876,92
1731930977.6172922,91
1731930977.6340573,91
1731930977.6528885,91
1731930977.6668742,92
1731930977.68357,92
1731930977.695226,90
1731930977.7097406,90
1731930977.724205,92
1731930977.7364993,91
1731930977.7498436,92
1731930977.7639582,93
1731930977.77737,92
1731930977.789924,91
1731930977.802001,91
1731930977.8159757,93
1731930977.8279839,92
1731930977.840833,91
1731930977.8525681,92
1731930977.8643947,92
1731930977.8802116,93
1731930977.891922,93
1731930977.9038413,93
1731930977.916951,92
1731930977.9349842,93
1731930977.9477801,92
1731930977.9610348,93
1731930977.9745674,94
1731930977.9860117,92
1731930977.9977684,93
1731930978.0115814,93
1731930978.0290446,93
1731930978.0424967,94
1731930978.0554802,93
1731930978.0692556,94
1731930978.0836973,93
1731930978.0958352,94
1731930978.1115668,93
1731930978.1269436,94
1731930978.1385741,92
1731930978.1511483,94
1731930978.1632552,94
1731930978.1787922,93
1731930978.1912982,94
1731930978.2049363,94
1731930978.2170231,95
1731930978.228883,95
1731930978.2418654,94
1731930978.2543511,94
1731930978.2687643,95
1731930978.2810702,94
1731930978.2938507,93
1731930978.3075576,95
1731930978.320636,94
1731930978.3346045,94
1731930978.349105,94
1731930978.3618212,95
1731930978.3847938,95
