1731927291.9172456,0
1731927291.9451602,0
1731927291.958489,0
1731927291.971565,0
1731927291.985117,0
1731927291.997849,0
1731927292.010026,0
1731927292.0225728,0
1731927292.0361414,0
1731927292.048204,0
1731927292.0599208,0
1731927292.073713,0
1731927292.0870278,0
1731927292.1007533,0
1731927292.1131928,0
1731927292.1254814,0
1731927292.1381595,0
1731927292.1505017,0
1731927292.167009,0
1731927292.1791456,0
1731927292.1911929,0
1731927292.2063267,0
1731927292.2201962,0
1731927292.2324545,0
1731927292.2455075,0
1731927292.257995,0
1731927292.2702718,0
1731927292.281963,0
1731927292.293452,0
1731927292.3070405,0
1731927292.318538,0
1731927292.3299286,0
1731927292.3461783,0
1731927292.3595243,0
1731927292.3722162,0
1731927292.3849368,0
1731927292.3979363,0
1731927292.4098952,0
1731927292.4236066,0
1731927292.4376445,0
1731927292.4498208,0
1731927292.4625208,0
1731927292.475927,0
1731927292.4879377,0
1731927292.5003154,0
1731927292.5125656,0
1731927292.5250905,0
1731927292.539166,0
1731927292.552562,0
1731927292.5665817,0
1731927292.580938,0
1731927292.5933926,0
1731927292.6056676,0
1731927292.6183138,0
1731927292.6307485,0
1731927292.6425931,0
1731927292.6545467,0
1731927292.6664407,0
1731927292.6778507,0
1731927292.6908767,0
1731927292.7029145,0
1731927292.7149239,0
1731927292.7287252,0
1731927292.742757,0
1731927292.7556667,0
1731927292.7688208,0
1731927292.7836394,0
1731927292.7983568,0
1731927292.8111372,0
1731927292.8235607,0
1731927292.8399,0
1731927292.8519328,0
1731927292.8642414,0
1731927292.8787253,0
1731927292.893395,0
1731927292.905791,0
1731927292.918166,0
1731927292.9301267,0
1731927292.9449677,0
1731927292.961166,0
1731927292.9760273,1
1731927292.9881647,0
1731927293.0000122,11
1731927293.015722,14
1731927293.0284698,12
1731927293.0402308,14
1731927293.05184,15
1731927293.0643954,18
1731927293.076318,20
1731927293.0883296,22
1731927293.1000745,24
1731927293.1143847,19
1731927293.1268282,25
1731927293.1396558,33
1731927293.1521497,39
1731927293.1646655,47
1731927293.1767232,53
1731927293.1898534,58
1731927293.204881,56
1731927293.217305,56
1731927293.2296104,56
1731927293.242513,57
1731927293.255299,57
1731927293.2670238,57
1731927293.2798817,55
1731927293.2928412,55
1731927293.3061118,56
1731927293.3176107,54
1731927293.3301637,56
1731927293.3427534,55
1731927293.355962,54
1731927293.3680437,54
1731927293.3805285,53
1731927293.3933766,55
1731927293.406893,54
1731927293.4202118,55
1731927293.4324837,53
1731927293.444756,53
1731927293.4569635,53
1731927293.4684792,54
1731927293.4809542,53
1731927293.4928968,53
1731927293.5059116,53
1731927293.5182803,51
1731927293.5330734,51
1731927293.5452507,51
1731927293.5585754,53
1731927293.5717342,52
1731927293.584515,52
1731927293.5964837,52
1731927293.6085377,52
1731927293.624115,51
1731927293.6359348,51
1731927293.6480598,51
1731927293.6601377,50
1731927293.6745052,51
1731927293.6881394,49
1731927293.700475,51
1731927293.7128954,51
1731927293.7255983,51
1731927293.7401443,49
1731927293.7526207,49
1731927293.7656674,49
1731927293.7783556,50
1731927293.7907643,50
1731927293.8023622,49
1731927293.8170125,49
1731927293.829692,48
1731927293.8430676,47
1731927293.8594246,49
1731927293.8715723,47
1731927293.8832529,47
1731927293.8988,47
1731927293.9110196,46
1731927293.9222481,47
1731927293.9340103,47
1731927293.9469392,46
1731927293.9598765,47
1731927293.972718,46
1731927293.98409,47
1731927293.9974582,46
1731927294.0105584,46
1731927294.024963,44
1731927294.0397956,44
1731927294.0515134,44
1731927294.0639982,46
1731927294.076125,45
1731927294.0897038,44
1731927294.1018577,44
1731927294.1143234,43
1731927294.127699,45
1731927294.140856,43
1731927294.1524456,43
1731927294.1642675,43
1731927294.1767597,43
1731927294.1893241,42
1731927294.2017832,43
1731927294.2137346,41
1731927294.226225,43
1731927294.2424345,42
1731927294.255287,42
1731927294.2672062,40
1731927294.2822726,41
1731927294.2940984,42
1731927294.3060408,42
1731927294.317761,40
1731927294.3312218,41
1731927294.3441286,40
1731927294.3578951,40
1731927294.3715024,40
1731927294.3848608,39
1731927294.3980706,40
1731927294.4105077,38
1731927294.4287796,39
1731927294.4410236,38
1731927294.4533904,38
1731927294.4653492,38
1731927294.4769988,38
1731927294.4906754,39
1731927294.5045285,36
1731927294.517513,38
1731927294.5319095,38
1731927294.547304,37
1731927294.5597527,36
1731927294.5717728,36
1731927294.5846078,37
1731927294.5967667,35
1731927294.6092198,36
1731927294.6248815,35
1731927294.639436,35
1731927294.6524909,36
1731927294.6660216,34
1731927294.678575,34
1731927294.691783,35
1731927294.7056322,33
1731927294.7175562,32
1731927294.7305803,34
1731927294.7448459,33
1731927294.7576165,33
1731927294.7709413,32
1731927294.784173,33
1731927294.7979493,31
1731927294.8108273,33
1731927294.8248134,32
1731927294.8378997,31
1731927294.8492637,32
1731927294.8612914,32
1731927294.87707,30
1731927294.8888865,30
1731927294.901125,30
1731927294.9141085,30
1731927294.9276936,29
1731927294.9412394,30
1731927294.9545758,29
1731927294.966593,28
1731927294.97852,28
1731927294.9910295,28
1731927295.0055022,28
1731927295.0186265,28
1731927295.030607,28
1731927295.0446599,26
1731927295.0588605,26
1731927295.0756028,26
1731927295.092582,26
1731927295.1084812,25
1731927295.121695,25
1731927295.1345396,25
1731927295.1498733,25
1731927295.1623406,24
1731927295.1760902,24
1731927295.1895902,23
1731927295.2048922,22
1731927295.219637,23
1731927295.233397,21
1731927295.2473047,22
1731927295.2604544,20
1731927295.2745833,21
1731927295.2876017,22
1731927295.3017159,21
1731927295.3141088,21
1731927295.3274698,19
1731927295.340398,20
1731927295.3521996,18
1731927295.3671124,18
1731927295.3825839,19
1731927295.3979194,17
1731927295.4145885,17
1731927295.433304,17
1731927295.4480734,16
1731927295.462483,15
1731927295.4815917,14
1731927295.494035,14
1731927295.508173,15
1731927295.5200586,14
1731927295.5333836,13
1731927295.5484662,12
1731927295.5628724,12
1731927295.5768647,12
1731927295.5926678,12
1731927295.6084487,12
1731927295.6223238,12
1731927295.635474,12
1731927295.6478183,11
1731927295.6606376,13
1731927295.6731613,12
1731927295.6856294,12
1731927295.698047,12
1731927295.7131028,12
1731927295.7270057,12
1731927295.741116,12
1731927295.756616,12
1731927295.7681942,12
1731927295.7810013,11
1731927295.7969744,12
1731927295.80841,13
1731927295.819872,11
1731927295.8370457,11
1731927295.8497608,13
1731927295.8657012,12
1731927295.8787625,13
1731927295.8904834,13
1731927295.904902,13
1731927295.9169123,13
1731927295.9299746,12
1731927295.9448726,12
1731927295.9583955,13
1731927295.971895,12
1731927295.9855547,12
1731927295.9976492,12
1731927296.0104783,12
1731927296.0234172,11
1731927296.048118,12
1731927296.060097,13
1731927296.073609,12
1731927296.088799,11
1731927296.1055496,13
1731927296.1190367,12
1731927296.131053,12
1731927296.1437607,12
1731927296.1567028,11
1731927296.168808,11
1731927296.1812441,13
1731927296.1938212,12
1731927296.206862,12
1731927296.2213304,12
1731927296.2329476,12
1731927296.2458692,12
1731927296.2579238,12
1731927296.2710714,13
1731927296.2842495,12
1731927296.297771,13
1731927296.3110907,12
1731927296.3239422,13
1731927296.338419,12
1731927296.3505592,13
1731927296.3623743,11
1731927296.374811,13
1731927296.3871377,11
1731927296.3994904,13
1731927296.4116654,13
1731927296.425661,13
1731927296.4390428,12
1731927296.4512522,12
1731927296.4632773,12
1731927296.4783344,12
1731927296.4905128,12
1731927296.5097752,12
1731927296.5241132,12
1731927296.5370378,13
1731927296.5526657,12
1731927296.5716877,13
1731927296.588756,11
1731927296.6012094,12
1731927296.620413,14
1731927296.6346276,17
1731927296.6474938,16
1731927296.6599462,13
1731927296.6773958,12
1731927296.691884,12
1731927296.705043,13
1731927296.7174418,14
1731927296.7320306,13
1731927296.745108,13
1731927296.7579324,13
1731927296.771199,12
1731927296.7838273,12
1731927296.7959206,12
1731927296.807504,12
1731927296.8223276,12
1731927296.8341775,12
1731927296.8458142,12
1731927296.860524,13
1731927296.875549,12
1731927296.8876169,12
1731927296.9012182,13
1731927296.9147558,12
1731927296.9270525,11
1731927296.938578,12
1731927296.9539833,11
1731927296.9670882,12
1731927296.9796348,12
1731927296.9925075,11
1731927297.0047452,11
1731927297.01721,13
1731927297.030694,12
1731927297.04495,12
1731927297.0577507,11
1731927297.0726693,11
1731927297.0850296,13
1731927297.0974808,13
1731927297.1094944,13
1731927297.1241767,13
1731927297.1382406,13
1731927297.1535997,12
1731927297.165328,13
1731927297.1786268,12
1731927297.1939766,11
1731927297.2063634,13
1731927297.2188206,13
1731927297.2322364,12
1731927297.246004,12
1731927297.258243,12
1731927297.2715847,13
1731927297.2845225,12
1731927297.2979517,11
1731927297.3103104,13
1731927297.3234313,12
1731927297.3393648,13
1731927297.3523712,12
1731927297.36548,12
1731927297.3780105,13
1731927297.391686,12
1731927297.4047506,13
1731927297.416886,13
1731927297.4290822,13
1731927297.4410994,13
1731927297.4529746,11
1731927297.4660976,12
1731927297.4791443,12
1731927297.491309,12
1731927297.5039535,11
1731927297.5156865,12
1731927297.5294726,12
1731927297.5415401,12
1731927297.5564525,13
1731927297.5693483,13
1731927297.5817974,13
1731927297.594588,12
1731927297.606129,13
1731927297.6194959,12
1731927297.6369817,11
1731927297.6520464,13
1731927297.664929,12
1731927297.6788366,13
1731927297.69094,13
1731927297.704056,12
1731927297.7159507,12
1731927297.72947,13
1731927297.7419937,13
1731927297.7565467,13
1731927297.7716882,12
1731927297.7849548,13
1731927297.799005,12
1731927297.8114119,11
1731927297.8233213,12
1731927297.837106,12
1731927297.8507707,13
1731927297.862474,13
1731927297.875031,13
1731927297.8867722,13
1731927297.900873,12
1731927297.9127235,12
1731927297.9242456,12
1731927297.9383168,13
1731927297.9505105,12
1731927297.9622757,13
1731927297.974908,12
1731927297.98873,13
1731927298.0014036,12
1731927298.0133514,13
1731927298.0272205,13
1731927298.0396419,11
1731927298.0528595,12
1731927298.0641906,13
1731927298.0765288,13
1731927298.0922143,12
1731927298.1047556,13
1731927298.1197195,13
1731927298.1330988,12
1731927298.1446376,12
1731927298.156275,13
1731927298.168279,13
1731927298.1811063,12
1731927298.193065,12
1731927298.2046082,13
1731927298.2171333,12
1731927298.229512,12
1731927298.242244,12
1731927298.2549229,12
1731927298.266684,11
1731927298.2811615,12
1731927298.2939632,13
1731927298.3088431,12
1731927298.3253613,13
1731927298.3376231,13
1731927298.3494003,13
1731927298.3639026,13
1731927298.3756685,11
1731927298.3872275,12
1731927298.3988917,12
1731927298.4122968,11
1731927298.4272852,13
1731927298.4399693,12
1731927298.4521916,12
1731927298.466307,13
1731927298.4794686,12
1731927298.4922626,13
1731927298.5069957,13
1731927298.5183725,12
1731927298.530054,12
1731927298.5414965,12
1731927298.5533848,13
1731927298.5697696,11
1731927298.582782,13
1731927298.5978081,12
1731927298.6125329,12
1731927298.6257598,13
1731927298.6418881,12
1731927298.655027,12
1731927298.6696465,13
1731927298.6815314,13
1731927298.693251,11
1731927298.7050211,12
1731927298.7166371,12
1731927298.7319446,11
1731927298.7465844,13
1731927298.7590132,13
1731927298.7718832,12
1731927298.7850337,12
1731927298.7997687,11
1731927298.8147702,13
1731927298.830008,13
1731927298.8414562,13
1731927298.854383,12
1731927298.8716886,12
1731927298.8840325,12
1731927298.8980494,12
1731927298.9116373,13
1731927298.9236834,13
1731927298.9366875,12
1731927298.9485872,12
1731927298.9613383,12
1731927298.976362,12
1731927298.9919891,13
1731927299.0048385,12
1731927299.01993,12
1731927299.031965,12
1731927299.0443048,11
1731927299.0567172,11
1731927299.0700126,12
1731927299.0819874,12
1731927299.0936675,13
1731927299.105184,13
1731927299.1175916,13
1731927299.1330893,12
1731927299.1461792,11
1731927299.158004,11
1731927299.1711774,13
1731927299.1833913,13
1731927299.196524,12
1731927299.212294,13
1731927299.2282813,12
1731927299.2445161,12
1731927299.2576962,11
1731927299.271193,12
1731927299.2842286,12
1731927299.297663,12
1731927299.31201,13
1731927299.3267038,12
1731927299.3410556,12
1731927299.3562565,12
1731927299.3698952,13
1731927299.3819304,13
1731927299.3941936,12
1731927299.406259,13
1731927299.4183872,13
1731927299.4314754,12
1731927299.4446301,11
1731927299.4572344,12
1731927299.4716797,12
1731927299.4834251,13
1731927299.4976833,13
1731927299.5105062,12
1731927299.522841,12
1731927299.535732,12
1731927299.5479546,12
1731927299.5601432,11
1731927299.5729058,13
1731927299.5854292,13
1731927299.597768,12
1731927299.6100879,13
1731927299.622399,12
1731927299.6340332,12
1731927299.646159,12
1731927299.659132,12
1731927299.671905,13
1731927299.6854708,12
1731927299.7015219,13
1731927299.7137568,13
1731927299.7284355,13
1731927299.7414198,12
1731927299.756448,11
1731927299.7697082,12
1731927299.782035,12
1731927299.7943242,12
1731927299.8063347,12
1731927299.8181872,12
1731927299.8305616,12
1731927299.8448699,12
1731927299.8574822,12
1731927299.8716753,12
1731927299.8843396,12
1731927299.8963015,12
1731927299.9100792,13
1731927299.9246848,12
1731927299.9370043,12
1731927299.9489443,12
1731927299.9613862,12
1731927299.9734724,12
1731927299.9853382,12
1731927299.9970803,13
1731927300.0100422,12
1731927300.023132,11
1731927300.0366535,12
1731927300.0485685,12
1731927300.0609214,12
1731927300.0740263,11
1731927300.0861032,11
1731927300.0990353,13
1731927300.111619,12
1731927300.125335,11
1731927300.1431658,12
1731927300.1574512,12
1731927300.1711168,11
1731927300.186831,13
1731927300.2004464,13
1731927300.2141888,11
1731927300.2265334,11
1731927300.2386243,11
1731927300.2511792,13
1731927300.2639449,12
1731927300.2760415,12
1731927300.2901254,13
1731927300.3028486,12
1731927300.3145788,13
1731927300.3263743,13
1731927300.340198,12
1731927300.3533618,11
1731927300.365814,13
1731927300.3789885,11
1731927300.3913567,11
1731927300.4044533,12
1731927300.4171798,12
1731927300.4302268,11
1731927300.442933,13
1731927300.4552474,12
1731927300.4689336,12
1731927300.4810498,12
1731927300.4929674,11
1731927300.5047696,12
1731927300.5171714,11
1731927300.530509,12
1731927300.5447328,13
1731927300.558804,13
1731927300.5738826,13
1731927300.5885105,12
1731927300.6038458,12
1731927300.6192567,11
1731927300.6340518,13
1731927300.6465878,12
1731927300.6595957,12
1731927300.6734757,12
1731927300.685404,12
1731927300.6974444,13
1731927300.710539,12
1731927300.7225978,12
1731927300.7370934,12
1731927300.7492805,12
1731927300.764982,13
1731927300.7774758,12
1731927300.7898922,12
1731927300.802617,12
1731927300.815143,11
1731927300.827323,11
1731927300.8396626,13
1731927300.8513024,12
1731927300.8647835,12
1731927300.8768284,12
1731927300.889393,12
1731927300.9037862,13
1731927300.916141,12
1731927300.9284868,12
1731927300.941109,11
1731927300.9561427,13
1731927300.9687634,12
1731927300.9813855,12
1731927300.9956923,12
1731927301.0081692,12
1731927301.0230114,12
1731927301.0382645,13
1731927301.0500784,11
1731927301.0629182,11
1731927301.0744185,11
1731927301.0863252,11
1731927301.1033545,11
1731927301.1168082,12
1731927301.1309724,13
1731927301.1494665,11
1731927301.1669266,11
1731927301.181319,13
1731927301.1939924,13
1731927301.206288,12
1731927301.2181156,13
1731927301.2304745,12
1731927301.2446887,13
1731927301.2581153,12
1731927301.2742276,12
1731927301.28935,12
1731927301.3031974,13
1731927301.3168616,13
1731927301.3301764,12
1731927301.342599,12
1731927301.3554504,11
1731927301.371576,12
1731927301.3861923,12
1731927301.4002643,12
1731927301.415245,12
1731927301.4289007,11
1731927301.4408395,13
1731927301.4528508,13
1731927301.4647217,13
1731927301.4772384,13
1731927301.490688,12
1731927301.5030923,11
1731927301.5160668,13
1731927301.5278296,13
1731927301.5401707,13
1731927301.5528278,12
1731927301.5656877,12
1731927301.577544,12
1731927301.5896094,12
1731927301.6023676,11
1731927301.6144388,11
1731927301.628134,12
1731927301.640716,12
1731927301.6537857,13
1731927301.6673753,12
1731927301.6793463,12
1731927301.6917496,12
1731927301.704744,13
1731927301.7168972,13
1731927301.7289805,13
1731927301.742512,13
1731927301.7559764,13
1731927301.7710311,13
1731927301.783261,12
1731927301.7957733,12
1731927301.807692,12
1731927301.820431,12
1731927301.8336103,12
1731927301.8457437,12
1731927301.8575776,13
1731927301.8701782,12
1731927301.8824236,12
1731927301.8952339,12
1731927301.9082127,11
1731927301.921718,12
1731927301.9365404,12
1731927301.948699,11
1731927301.9616203,13
1731927301.9741414,12
1731927301.9866042,12
1731927302.0009866,12
1731927302.0144825,13
1731927302.0285015,12
1731927302.0432904,11
1731927302.056458,12
1731927302.071544,12
1731927302.0883508,13
1731927302.1028292,12
1731927302.1155689,12
1731927302.1277022,12
1731927302.1405544,12
1731927302.1526232,13
1731927302.1651425,13
1731927302.1773107,13
1731927302.1918983,13
1731927302.2044234,12
1731927302.2176766,11
1731927302.2299116,11
1731927302.2419765,12
1731927302.254931,13
1731927302.2669883,13
1731927302.280071,12
1731927302.2920096,12
1731927302.3068311,12
1731927302.3193524,11
1731927302.3355737,13
1731927302.3489919,13
1731927302.362739,12
1731927302.3774366,11
1731927302.3913248,12
1731927302.4057708,12
1731927302.4185395,11
1731927302.4307837,11
1731927302.4433355,13
1731927302.4570332,13
1731927302.4728901,13
1731927302.4859319,12
1731927302.498133,12
1731927302.510605,12
1731927302.5233636,13
1731927302.5381553,13
1731927302.5517259,12
1731927302.564031,11
1731927302.5772803,12
1731927302.590347,12
1731927302.6045177,12
1731927302.616463,12
1731927302.6293988,11
1731927302.6418161,13
1731927302.6538544,11
1731927302.6657064,11
1731927302.6790924,12
1731927302.6913493,12
1731927302.7039452,12
1731927302.715866,12
1731927302.7304485,12
1731927302.7427533,12
1731927302.7551553,12
1731927302.7687643,13
1731927302.783336,12
1731927302.7962878,12
1731927302.8116884,13
1731927302.825237,12
1731927302.8397713,12
1731927302.8541934,12
1731927302.8661318,12
1731927302.8796427,13
1731927302.891939,13
1731927302.9039938,13
1731927302.9159217,13
1731927302.9277577,13
1731927302.9402983,13
1731927302.9526098,13
1731927302.9649727,12
1731927302.9781718,12
1731927302.991314,13
1731927303.0043883,12
1731927303.016847,12
1731927303.0308897,12
1731927303.0430949,12
1731927303.0588799,11
1731927303.0734863,13
1731927303.0857177,13
1731927303.0982015,12
1731927303.1117468,13
1731927303.125615,12
1731927303.139841,13
1731927303.1519277,12
