1731930943.1887805,0
1731930943.2102542,0
1731930943.2260797,0
1731930943.2384717,0
1731930943.2570546,0
1731930943.2694073,0
1731930943.2820156,0
1731930943.3020306,0
1731930943.3176775,0
1731930943.3312185,0
1731930943.3456395,0
1731930943.3603222,0
1731930943.3805838,0
1731930943.3980336,0
1731930943.416516,0
1731930943.433763,0
1731930943.4460442,0
1731930943.4598272,0
1731930943.4778583,0
1731930943.490099,0
1731930943.505753,0
1731930943.5198495,0
1731930943.5333302,0
1731930943.5472379,0
1731930943.5658603,0
1731930943.5829012,0
1731930943.5952408,0
1731930943.607952,0
1731930943.6221094,0
1731930943.6359172,0
1731930943.6488936,0
1731930943.6647534,0
1731930943.6798446,0
1731930943.694495,0
1731930943.7064304,0
1731930943.7229497,0
1731930943.736489,0
1731930943.754317,0
1731930943.7673416,0
1731930943.782141,0
1731930943.7948542,0
1731930943.8093789,0
1731930943.8261306,0
1731930943.8458822,0
1731930943.8601189,0
1731930943.8794742,0
1731930943.8924022,0
1731930943.9075205,0
1731930943.9191403,0
1731930943.9329827,0
1731930943.9468236,0
1731930943.9599802,0
1731930943.973795,0
1731930943.989684,0
1731930944.0041897,0
1731930944.0165732,0
1731930944.0284913,0
1731930944.044744,0
1731930944.0589628,0
1731930944.0721164,0
1731930944.0922117,0
1731930944.1139145,0
1731930944.1280878,0
1731930944.1449857,0
1731930944.1599,0
1731930944.1786878,0
1731930944.2003338,0
1731930944.2202375,0
1731930944.2451096,0
1731930944.2993817,0
1731930944.3306904,0
1731930944.3757646,6
1731930944.3953652,17
1731930944.411643,15
1731930944.4313986,17
1731930944.4601452,21
1731930944.4810197,21
1731930944.4977257,26
1731930944.511413,32
1731930944.5310533,44
1731930944.5467405,52
1731930944.5719833,58
1731930944.591396,57
1731930944.6109962,57
1731930944.6265283,56
1731930944.6455977,57
1731930944.6610951,57
1731930944.679898,57
1731930944.6932302,56
1731930944.7234082,56
1731930944.755756,56
1731930944.782066,56
1731930944.7951925,55
1731930944.8232784,55
1731930944.8400753,55
1731930944.861651,53
1731930944.8784945,53
1731930944.8986988,53
1731930944.9164937,53
1731930944.9347785,54
1731930944.950245,53
1731930944.9664934,52
1731930944.984748,52
1731930945.0073211,53
1731930945.0258243,51
1731930945.0413666,52
1731930945.056868,51
1731930945.0877159,51
1731930945.1108198,49
1731930945.1268296,50
1731930945.139927,49
1731930945.1543155,49
1731930945.1708472,50
1731930945.1881354,48
1731930945.204066,49
1731930945.2193065,49
1731930945.2351782,50
1731930945.2491045,48
1731930945.266715,48
1731930945.2808924,49
1731930945.296313,48
1731930945.3107696,48
1731930945.3307593,47
1731930945.3489313,48
1731930945.367006,47
1731930945.379732,48
1731930945.3914704,46
1731930945.4079926,46
1731930945.4228494,46
1731930945.44188,46
1731930945.4569054,46
1731930945.4703732,45
1731930945.4931767,45
1731930945.5072062,45
1731930945.5228643,44
1731930945.5388772,44
1731930945.5528505,44
1731930945.5673862,44
1731930945.5806818,43
1731930945.594507,43
1731930945.6109922,43
1731930945.6269913,43
1731930945.6408699,43
1731930945.6553385,42
1731930945.6718874,42
1731930945.686173,42
1731930945.7057748,42
1731930945.7242544,42
1731930945.7423964,41
1731930945.7549555,41
1731930945.7733383,41
1731930945.7875881,41
1731930945.8020537,41
1731930945.8191764,40
1731930945.833498,41
1731930945.8453698,40
1731930945.8609238,39
1731930945.8763022,39
1731930945.897929,37
1731930945.9139895,39
1731930945.9266016,38
1731930945.9426053,39
1731930945.9584296,36
1731930945.9814558,37
1731930945.9964564,37
1731930946.0135407,36
1731930946.0260212,36
1731930946.0407836,36
1731930946.0570083,36
1731930946.0780628,36
1731930946.1043108,35
1731930946.121712,35
1731930946.138429,35
1731930946.152894,33
1731930946.1760547,34
1731930946.1967244,34
1731930946.2174048,33
1731930946.2331157,32
1731930946.255358,32
1731930946.278208,31
1731930946.3082278,32
1731930946.3229852,31
1731930946.3383565,30
1731930946.367878,29
1731930946.3833075,30
1731930946.3978636,30
1731930946.412357,30
1731930946.4262462,27
1731930946.442596,29
1731930946.456572,29
1731930946.4729018,28
1731930946.4922159,28
1731930946.5180585,25
1731930946.5374644,25
1731930946.5633357,25
1731930946.5889738,25
1731930946.6085966,25
1731930946.626378,25
1731930946.6467388,24
1731930946.6659756,23
1731930946.6871595,22
1731930946.7022164,22
1731930946.716345,21
1731930946.7368324,22
1731930946.7528183,20
1731930946.766593,21
1731930946.783485,19
1731930946.7969515,20
1731930946.8105347,19
1731930946.8234887,17
1731930946.8390143,18
1731930946.8527381,18
1731930946.873087,16
1731930946.8895917,17
1731930946.9076934,16
1731930946.9211047,16
1731930946.935808,15
1731930946.9544952,13
1731930946.9836855,14
1731930947.0038145,12
1731930947.0264208,12
1731930947.041425,12
1731930947.0599692,12
1731930947.0783684,13
1731930947.0958774,12
1731930947.1146648,13
1731930947.13138,11
1731930947.1590385,12
1731930947.1794963,13
1731930947.1965048,12
1731930947.208828,12
1731930947.2289426,12
1731930947.2439294,13
1731930947.258084,12
1731930947.2727754,12
1731930947.2881074,12
1731930947.3165755,12
1731930947.3490865,11
1731930947.3722608,12
1731930947.4052627,12
1731930947.4388573,12
1731930947.4564438,11
1731930947.485342,13
1731930947.506615,11
1731930947.5230417,12
1731930947.5390244,13
1731930947.5539732,12
1731930947.576432,11
1731930947.5890505,11
1731930947.6209822,13
1731930947.6401017,13
1731930947.6604972,12
1731930947.679371,13
1731930947.6945574,16
1731930947.7064946,16
1731930947.7249215,13
1731930947.7369554,20
1731930947.7530382,12
1731930947.7679513,12
1731930947.7815862,13
1731930947.7943614,12
1731930947.8081536,13
1731930947.8233871,12
1731930947.8366473,13
1731930947.8523064,12
1731930947.8667269,13
1731930947.8786008,13
1731930947.8930123,13
1731930947.912282,13
1731930947.9254072,12
1731930947.969034,13
1731930947.9861405,12
1731930948.0073318,12
1731930948.0204084,11
1731930948.041246,12
1731930948.0599337,13
1731930948.07497,12
1731930948.091621,13
1731930948.1100698,12
1731930948.1304703,13
1731930948.147259,13
1731930948.161658,13
1731930948.1790795,13
1731930948.192464,11
1731930948.2136085,12
1731930948.2379084,12
1731930948.2607596,11
1731930948.2866042,12
1731930948.3128905,12
1731930948.3311644,13
1731930948.3450437,12
1731930948.3598356,13
1731930948.3772795,13
1731930948.3933165,12
1731930948.4069185,12
1731930948.42645,12
1731930948.4526577,11
1731930948.470621,12
1731930948.4850698,12
1731930948.504395,12
1731930948.534569,11
1731930948.557976,12
1731930948.579097,12
1731930948.5934515,12
1731930948.6053748,13
1731930948.6259272,12
1731930948.6413012,11
1731930948.6552167,11
1731930948.6773372,11
1731930948.6941667,11
1731930948.7115138,13
1731930948.729258,12
1731930948.7409263,13
1731930948.759308,11
1731930948.7727113,11
1731930948.7868776,13
1731930948.805651,11
1731930948.8198848,11
1731930948.834073,12
1731930948.8542178,12
1731930948.8743405,12
1731930948.8892848,12
1731930948.9124146,13
1731930948.9259214,12
1731930948.939758,13
1731930948.9521124,12
1731930948.965175,12
1731930948.9829965,13
1731930948.9956505,12
1731930949.0135994,12
1731930949.0289524,13
1731930949.0421379,12
1731930949.056494,12
1731930949.0725138,13
1731930949.087264,13
1731930949.0996616,12
1731930949.112787,12
1731930949.1250272,12
1731930949.1431649,13
1731930949.1589196,12
1731930949.181064,11
1731930949.1994402,13
1731930949.2174957,12
1731930949.2297716,13
1731930949.2434735,12
1731930949.261794,13
1731930949.2788486,13
1731930949.2919059,13
1731930949.3100495,13
1731930949.327244,13
1731930949.344678,12
1731930949.3605406,12
1731930949.3796742,11
1731930949.3967354,11
1731930949.4134166,11
1731930949.4279778,12
1731930949.441264,12
1731930949.456767,12
1731930949.469382,13
1731930949.4819922,13
1731930949.4957788,11
1731930949.5163224,12
1731930949.530102,11
1731930949.547019,11
1731930949.5618486,13
1731930949.5873654,12
1731930949.6069627,12
1731930949.622506,13
1731930949.6371171,13
1731930949.6614869,11
1731930949.6852741,12
1731930949.7030385,12
1731930949.7216208,13
1731930949.7364378,13
1731930949.7561026,12
1731930949.7777545,13
1731930949.7965395,13
1731930949.8135898,13
1731930949.828982,12
1731930949.848033,12
1731930949.8636336,12
1731930949.880131,12
1731930949.8981757,11
1731930949.9168239,12
1731930949.9318438,11
1731930949.9515,12
1731930949.9642174,13
1731930949.980729,11
1731930949.993865,12
1731930950.011435,12
1731930950.0259957,12
1731930950.0426166,12
1731930950.0558343,11
1731930950.071941,12
1731930950.0903265,13
1731930950.106415,13
1731930950.1196625,12
1731930950.1381593,11
1731930950.1545818,12
1731930950.1709344,12
1731930950.1850123,12
1731930950.1989849,13
1731930950.2151086,12
1731930950.2271187,12
1731930950.2473853,11
1731930950.2653053,12
1731930950.2810247,11
1731930950.2930715,13
1731930950.305679,13
1731930950.3199053,13
1731930950.3333895,12
1731930950.346251,13
1731930950.3609333,11
1731930950.3795223,12
1731930950.3934262,12
1731930950.408146,12
1731930950.4241884,13
1731930950.4367843,12
1731930950.454781,12
1731930950.4729774,13
1731930950.4918754,13
1731930950.506842,12
1731930950.5206063,13
1731930950.5399008,11
1731930950.5584886,12
1731930950.5761101,11
1731930950.5929372,12
1731930950.6132615,13
1731930950.6298816,12
1731930950.65119,11
1731930950.6686769,13
1731930950.6814733,12
1731930950.7014108,13
1731930950.718397,12
1731930950.732213,12
1731930950.7522314,12
1731930950.7718997,12
1731930950.7887917,12
1731930950.8056595,12
1731930950.8230553,12
1731930950.839344,12
1731930950.8518836,12
1731930950.8643548,11
1731930950.8825085,12
1731930950.8988545,13
1731930950.916796,12
1731930950.9396183,11
1731930950.9590123,12
1731930950.9730809,12
1731930950.9887822,13
1731930951.0070567,12
1731930951.0205514,13
1731930951.0523708,13
1731930951.0684788,11
1731930951.0805311,11
1731930951.097248,11
1731930951.1142788,11
1731930951.130313,12
1731930951.1536644,11
1731930951.1682432,13
1731930951.18642,12
1731930951.1998947,13
1731930951.2143838,13
1731930951.2272754,12
1731930951.2394707,12
1731930951.2562914,12
1731930951.2772844,12
1731930951.2908502,12
1731930951.3103201,12
1731930951.3229604,13
1731930951.3389134,12
1731930951.353093,12
1731930951.3707895,12
1731930951.389892,12
1731930951.405394,13
1731930951.418522,12
1731930951.431684,11
1731930951.4516532,13
1731930951.4633954,13
1731930951.478293,13
1731930951.4920135,12
1731930951.5109417,12
1731930951.5254095,12
1731930951.542072,12
1731930951.5571196,13
1731930951.571176,12
1731930951.5847607,13
1731930951.6042075,13
1731930951.6238315,13
1731930951.643484,13
1731930951.6621232,13
1731930951.6758535,13
1731930951.6950226,12
1731930951.7079425,12
1731930951.7218513,12
1731930951.7343721,11
1731930951.7531757,12
1731930951.7654755,12
1731930951.785353,11
1731930951.8016386,12
1731930951.816048,12
1731930951.8312469,12
1731930951.8482528,13
1731930951.8646672,12
1731930951.8775911,11
1731930951.894149,12
1731930951.9127254,12
1731930951.9256616,11
1731930951.9382486,13
1731930951.955226,13
1731930951.9676046,13
1731930951.9808855,12
1731930951.995516,12
1731930952.0087204,13
1731930952.023674,13
1731930952.0473073,13
1731930952.0625896,13
1731930952.0821533,13
1731930952.0965326,12
1731930952.1101024,13
1731930952.1264768,12
1731930952.139254,13
1731930952.159617,12
1731930952.1758854,12
1731930952.1906796,13
1731930952.2110748,11
1731930952.2277164,12
1731930952.2441497,13
1731930952.2597144,12
1731930952.2739,12
1731930952.3001335,12
1731930952.319955,12
1731930952.3453338,13
1731930952.3688858,13
1731930952.394995,13
1731930952.4109604,13
1731930952.4292989,13
1731930952.443305,12
1731930952.457675,12
1731930952.4786148,13
1731930952.4977624,12
1731930952.5184026,12
1731930952.531904,13
1731930952.5462794,12
1731930952.5634484,13
1731930952.5788429,12
1731930952.5947375,13
1731930952.6141567,13
1731930952.6292562,12
1731930952.6432729,13
1731930952.6627812,12
1731930952.6818542,11
1731930952.6945386,13
1731930952.7098246,12
1731930952.7251785,11
1731930952.7432005,13
1731930952.7553046,12
1731930952.7688673,11
1731930952.787046,12
1731930952.8043363,12
1731930952.8231554,13
1731930952.83676,11
1731930952.8527107,12
1731930952.8649852,12
1731930952.8807158,12
1731930952.8935592,12
1731930952.9074287,13
1731930952.9215355,11
1731930952.9377482,13
1731930952.9573383,12
1731930952.969614,12
1731930952.9869874,13
1731930953.0020356,13
1731930953.0184035,11
1731930953.0370271,13
1731930953.0487728,12
1731930953.0621378,13
1731930953.0782955,12
1731930953.0910914,12
1731930953.108505,13
1731930953.12252,11
1731930953.137839,13
1731930953.152895,13
1731930953.1667264,13
1731930953.186301,13
1731930953.1989155,12
1731930953.2145634,11
1731930953.228741,12
1731930953.243685,11
1731930953.256903,12
1731930953.2692184,12
1731930953.2836566,13
1731930953.298397,12
1731930953.3139496,11
1731930953.329057,13
1731930953.3457131,13
1731930953.3590193,12
1731930953.372287,13
1731930953.387826,12
1731930953.4023573,12
1731930953.4233932,13
1731930953.4375522,11
1731930953.4520333,11
1731930953.4778054,12
1731930953.4927354,12
1731930953.5096664,12
1731930953.5221717,11
1731930953.535092,13
1731930953.5534956,12
1731930953.5815501,12
1731930953.6050293,13
1731930953.622165,13
1731930953.6357477,12
1731930953.6514018,11
1731930953.6637099,12
1731930953.678424,12
1731930953.6910717,12
1731930953.704816,13
1731930953.720744,11
1731930953.734926,12
1731930953.7508786,13
1731930953.7634244,12
1731930953.7776074,13
1731930953.791871,13
1731930953.8053064,12
1731930953.8229752,13
1731930953.837053,11
1731930953.8525484,13
1731930953.8676715,13
1731930953.880321,12
1731930953.8938217,13
1731930953.9086766,12
1731930953.9214287,12
1731930953.9396718,13
1731930953.9564798,13
1731930953.9738307,12
1731930953.9862213,12
1731930953.998502,12
1731930954.0146067,13
1731930954.0312743,13
1731930954.048149,11
1731930954.0640516,12
1731930954.077998,13
1731930954.0918434,13
1731930954.1076975,12
1731930954.124156,12
1731930954.1387377,12
1731930954.1597679,13
1731930954.1761389,11
1731930954.1899714,12
1731930954.2061388,13
1731930954.2202754,11
1731930954.2370102,13
1731930954.2520397,13
1731930954.2651927,12
1731930954.2779875,11
1731930954.290063,12
1731930954.3034055,13
1731930954.319837,13
1731930954.3424218,13
1731930954.364843,12
1731930954.3911738,12
1731930954.4204419,12
1731930954.4460585,12
