1731935309.089898,0
1731935309.10526,0
1731935309.1190977,0
1731935309.131785,0
1731935309.1443083,0
1731935309.156616,0
1731935309.1692834,0
1731935309.181523,0
1731935309.1938272,0
1731935309.206695,0
1731935309.2190268,0
1731935309.2307336,0
1731935309.2439544,0
1731935309.25686,0
1731935309.2689822,0
1731935309.281339,0
1731935309.295709,0
1731935309.308922,0
1731935309.3217587,0
1731935309.3359957,0
1731935309.3499048,0
1731935309.364278,0
1731935309.3778608,0
1731935309.3902721,0
1731935309.402771,0
1731935309.4144127,0
1731935309.4262574,0
1731935309.4375465,0
1731935309.4492688,0
1731935309.4609077,0
1731935309.472805,0
1731935309.4851165,0
1731935309.4969196,0
1731935309.5103467,0
1731935309.5235984,0
1731935309.5379453,0
1731935309.551334,0
1731935309.564367,0
1731935309.5780084,0
1731935309.5902834,0
1731935309.6028354,0
1731935309.6145155,0
1731935309.627675,0
1731935309.6400695,0
1731935309.6518817,0
1731935309.6647024,0
1731935309.6769893,0
1731935309.689586,0
1731935309.703138,0
1731935309.716798,0
1731935309.7295837,0
1731935309.7428863,0
1731935309.7554617,0
1731935309.7681355,0
1731935309.7806075,0
1731935309.7934318,0
1731935309.8060634,0
1731935309.8191886,0
1731935309.8326685,0
1731935309.8461456,0
1731935309.8578234,0
1731935309.8696039,0
1731935309.8810916,0
1731935309.8925457,0
1731935309.9040008,0
1731935309.9153912,0
1731935309.9272509,0
1731935309.939582,0
1731935309.9515338,0
1731935309.9636624,0
1731935309.975967,0
1731935309.987927,0
1731935310.0010328,0
1731935310.0140226,0
1731935310.0273428,0
1731935310.0402048,0
1731935310.0524254,0
1731935310.0646865,0
1731935310.0775657,0
1731935310.0908213,0
1731935310.1128821,0
1731935310.1247451,0
1731935310.136675,4
1731935310.1493337,1
1731935310.1610746,1
1731935310.1740522,1
1731935310.1858473,0
1731935310.1974277,0
1731935310.2090716,0
1731935310.2204692,0
1731935310.2324622,2
1731935310.2443187,0
1731935310.2559416,1
1731935310.267427,2
1731935310.2797868,0
1731935310.292304,2
1731935310.3046596,0
1731935310.3175807,0
1731935310.329738,0
1731935310.3422954,0
1731935310.3544335,0
1731935310.367183,0
1731935310.378773,0
1731935310.3903277,0
1731935310.4020824,0
1731935310.413939,2
1731935310.4253776,4
1731935310.4372168,0
1731935310.448598,3
1731935310.4601653,1
1731935310.4716184,3
1731935310.48322,0
1731935310.4946504,0
1731935310.5061898,2
1731935310.51794,1
1731935310.5293021,0
1731935310.5419858,1
1731935310.5544837,0
1731935310.5663888,0
1731935310.5802305,0
1731935310.593128,0
1731935310.606189,0
1731935310.6212602,0
1731935310.6333582,0
1731935310.645206,0
1731935310.6571243,0
1731935310.6694787,1
1731935310.6814532,0
1731935310.6927927,1
1731935310.7041445,3
1731935310.7167573,1
1731935310.7285364,3
1731935310.7405279,1
1731935310.7526531,0
1731935310.7657893,0
1731935310.7779334,0
1731935310.790247,0
1731935310.8023238,0
1731935310.8140934,0
1731935310.8255625,0
1731935310.8383605,0
1731935310.8503675,0
1731935310.8615396,0
1731935310.8732564,0
1731935310.884692,0
1731935310.897349,0
1731935310.9095333,2
1731935310.9214683,0
1731935310.9333735,4
1731935310.945362,4
1731935310.9579806,2
1731935310.970366,0
1731935310.9828768,0
1731935310.9947,0
1731935311.0075135,0
1731935311.0192478,0
1731935311.0318482,0
1731935311.0446649,0
1731935311.0568883,0
1731935311.0694342,0
1731935311.0833535,3
1731935311.0954354,0
1731935311.1074035,2
1731935311.1191738,5
1731935311.130865,2
1731935311.1426396,0
1731935311.1543868,0
1731935311.1663353,0
1731935311.1779585,0
1731935311.1896527,0
1731935311.201343,0
1731935311.2129145,0
1731935311.2246516,0
1731935311.236262,3
1731935311.2481887,0
1731935311.259969,0
1731935311.2720587,1
1731935311.2841043,5
1731935311.2974632,5
1731935311.309501,0
1731935311.3208861,0
1731935311.3331335,0
1731935311.3451643,0
1731935311.357157,0
1731935311.3696733,0
1731935311.382032,0
1731935311.3934224,0
1731935311.4052548,0
1731935311.417155,3
1731935311.4294014,0
1731935311.4407783,0
1731935311.4532528,0
1731935311.46557,2
1731935311.4776082,5
1731935311.4890974,3
1731935311.5008926,2
1731935311.513103,0
1731935311.5250254,0
1731935311.5377004,0
1731935311.5503042,0
1731935311.5626879,0
1731935311.575577,0
1731935311.5882049,0
1731935311.6012723,0
1731935311.6136065,0
1731935311.6264753,3
1731935311.639915,0
1731935311.653551,0
1731935311.6674354,2
1731935311.6803212,4
1731935311.692921,4
1731935311.7055235,1
1731935311.7179759,0
1731935311.7300847,0
1731935311.7423694,1
1731935311.7544217,0
1731935311.767713,0
1731935311.780581,0
1731935311.7922359,0
1731935311.8047266,0
1731935311.8164275,2
1731935311.827843,1
1731935311.839282,0
1731935311.8507938,0
1731935311.861999,3
1731935311.8746774,4
1731935311.8886995,3
1731935311.9017944,0
1731935311.9148114,0
1731935311.9270175,0
1731935311.9395986,0
1731935311.9519172,0
1731935311.9633498,0
1731935311.9755766,0
1731935311.9875193,0
1731935311.9992955,0
1731935312.0109253,2
1731935312.0224638,0
1731935312.034216,0
1731935312.0465424,1
1731935312.0584662,4
1731935312.070066,4
1731935312.0819957,3
1731935312.094329,0
1731935312.1061199,0
1731935312.1179092,0
1731935312.1300528,1
1731935312.1431167,0
1731935312.1561375,0
1731935312.1709645,0
1731935312.1850648,0
1731935312.1981926,0
1731935312.211486,2
1731935312.2236958,1
1731935312.2359753,0
1731935312.24797,1
1731935312.2604809,4
1731935312.2723582,5
1731935312.285764,3
1731935312.298343,0
1731935312.3097994,0
1731935312.3218617,0
1731935312.3341212,1
1731935312.3465722,0
1731935312.3584342,0
1731935312.3709505,0
1731935312.3840806,0
1731935312.3971682,0
1731935312.4097848,0
1731935312.422188,3
1731935312.4352758,0
1731935312.4476323,0
1731935312.4610224,1
1731935312.4738674,4
1731935312.4868593,4
1731935312.4991717,3
1731935312.5120492,0
1731935312.52481,0
1731935312.5366771,0
1731935312.5502522,0
1731935312.56227,0
1731935312.573805,0
1731935312.5856855,0
1731935312.5986824,0
1731935312.6110375,0
1731935312.623137,0
1731935312.6350617,1
1731935312.6477718,2
1731935312.6599271,0
1731935312.672573,0
1731935312.68433,3
1731935312.6963007,4
1731935312.7083032,5
1731935312.7207384,3
1731935312.733244,0
1731935312.7452912,0
1731935312.757619,1
1731935312.769732,0
1731935312.7834878,0
1731935312.7956917,0
1731935312.8075612,0
1731935312.8189743,0
1731935312.8306284,0
1731935312.8428912,0
1731935312.8544464,0
1731935312.866149,3
1731935312.8780937,0
1731935312.8896809,0
1731935312.9012365,1
1731935312.9130118,4
1731935312.9247284,4
1731935312.9362638,4
1731935312.9479015,2
1731935312.9595323,0
1731935312.9719694,0
1731935312.9844332,1
1731935312.996227,0
1731935313.009007,0
1731935313.0211015,0
1731935313.0331056,0
1731935313.0454464,0
1731935313.0573132,0
1731935313.0688674,0
1731935313.0814593,0
1731935313.0931911,2
1731935313.1060908,0
1731935313.1186113,0
1731935313.1308208,1
1731935313.143068,4
1731935313.154828,4
1731935313.167267,4
1731935313.180258,2
1731935313.1918945,0
1731935313.2036908,0
1731935313.2161956,0
1731935313.229244,0
1731935313.242412,0
1731935313.253925,0
1731935313.2666774,0
1731935313.2788236,0
1731935313.2908633,0
1731935313.3024595,0
1731935313.3141825,0
1731935313.325634,1
1731935313.3371012,3
1731935313.3485768,0
1731935313.3600116,0
1731935313.3715637,1
1731935313.3831842,3
1731935313.3945355,4
1731935313.4068165,4
1731935313.418681,4
1731935313.4303524,0
1731935313.4425552,0
1731935313.4542575,0
1731935313.4667048,0
1731935313.4796934,0
1731935313.4927173,0
1731935313.5048535,0
1731935313.5168312,0
1731935313.5286732,0
1731935313.5400646,0
1731935313.5517483,0
1731935313.5631313,0
1731935313.5745952,2
1731935313.5859659,1
1731935313.5976446,0
1731935313.6102762,0
1731935313.6220632,1
1731935313.633759,4
1731935313.645933,4
1731935313.6584299,4
1731935313.6702635,3
1731935313.6816437,0
1731935313.6928089,0
1731935313.7042649,0
1731935313.7159944,1
1731935313.7275202,0
1731935313.7391016,0
1731935313.7509024,0
1731935313.7623413,0
1731935313.7745323,0
1731935313.7864723,0
1731935313.7986546,0
1731935313.8105392,0
1731935313.8224006,1
1731935313.8342566,2
1731935313.8464372,0
1731935313.8586388,0
1731935313.873173,1
1731935313.886744,5
1731935313.8983226,4
1731935313.910149,4
1731935313.922448,3
1731935313.9341908,0
1731935313.9461653,0
1731935313.9574096,0
1731935313.9686415,1
1731935313.9799287,0
1731935313.9910617,0
1731935314.0024707,0
1731935314.013834,0
1731935314.0255802,0
1731935314.0373435,0
1731935314.0490952,0
1731935314.0615985,0
1731935314.073653,1
1731935314.0858474,3
1731935314.0979228,0
1731935314.1104212,0
1731935314.1219254,1
1731935314.1350052,2
1731935314.1476877,4
1731935314.159194,5
1731935314.170825,3
1731935314.1823363,1
1731935314.1939855,0
1731935314.205685,0
1731935314.217809,1
1731935314.2297385,0
1731935314.243142,0
1731935314.2563396,0
1731935314.2690864,0
1731935314.2809608,0
1731935314.2938285,0
1731935314.3055234,0
1731935314.318434,0
1731935314.3306556,1
1731935314.3431208,2
1731935314.35472,0
1731935314.3673465,0
1731935314.3794107,1
1731935314.3914301,4
1731935314.403852,5
1731935314.4156263,3
1731935314.4275599,2
1731935314.4389884,0
1731935314.450825,1
1731935314.4639452,1
1731935314.477033,0
1731935314.48844,0
1731935314.5016336,0
1731935314.5136316,0
1731935314.525289,0
1731935314.5374641,0
1731935314.5501802,0
1731935314.5628157,2
1731935314.5763865,0
1731935314.5891995,0
1731935314.6023023,8
1731935314.618095,3
1731935314.6313963,1
1731935314.6456819,1
1731935314.6573775,0
1731935314.6698358,0
1731935314.6831923,0
1731935314.6957207,0
1731935314.7087266,0
1731935314.7209616,0
1731935314.7335,1
1731935314.7455854,1
1731935314.757536,0
1731935314.7692878,1
1731935314.7816694,4
1731935314.7937336,4
1731935314.8053155,1
1731935314.8172398,0
1731935314.829248,1
1731935314.8417273,0
1731935314.85332,0
1731935314.8657973,0
1731935314.8793879,0
1731935314.8910863,0
1731935314.9025762,0
1731935314.9141626,1
1731935314.9258122,1
1731935314.937491,0
1731935314.9492352,0
1731935314.9610004,1
1731935314.9728382,5
1731935314.984584,3
1731935314.996228,0
1731935315.008375,0
1731935315.019896,2
1731935315.0317273,0
1731935315.0445607,0
1731935315.0596838,0
1731935315.0734763,5
1731935315.0864499,0
1731935315.1001008,0
1731935315.1119127,0
1731935315.1232657,1
1731935315.1346262,0
1731935315.1459737,0
1731935315.1572218,2
1731935315.1685205,4
1731935315.179967,3
1731935315.191154,0
1731935315.2026544,0
1731935315.2153792,1
1731935315.2290683,0
1731935315.2418587,0
1731935315.2538688,0
1731935315.2662628,0
1731935315.2785172,0
1731935315.2907526,0
1731935315.3031049,0
1731935315.3239942,0
1731935315.3371737,0
1731935315.352491,2
1731935315.3662887,3
1731935315.381375,2
1731935315.3937433,0
1731935315.408406,1
1731935315.4219854,0
1731935315.435137,0
1731935315.4488766,0
1731935315.4616346,1
1731935315.474589,0
1731935315.487939,0
1731935315.49986,0
1731935315.5127485,0
1731935315.5248575,1
1731935315.537157,0
1731935315.5492296,0
1731935315.5623367,2
1731935315.5752833,2
1731935315.5869606,3
1731935315.5985646,1
1731935315.6103742,0
1731935315.6217213,1
1731935315.6334295,0
1731935315.6450198,0
1731935315.6566412,0
1731935315.6680245,1
1731935315.6796134,0
1731935315.6913762,0
1731935315.7036264,0
1731935315.7154133,0
1731935315.7273943,0
1731935315.7395728,0
1731935315.7514243,0
1731935315.7633739,0
1731935315.7754762,3
1731935315.7873077,3
1731935315.7996597,3
1731935315.8113978,2
1731935315.822755,0
1731935315.8346045,1
1731935315.8472042,0
1731935315.8606973,0
1731935315.8728611,0
1731935315.8850944,1
1731935315.8978362,0
1731935315.910213,0
1731935315.9221034,0
1731935315.9342537,0
1731935315.9464736,1
1731935315.958418,0
1731935315.9709108,0
1731935315.9834197,0
1731935315.9963086,2
1731935316.0092473,3
1731935316.0218835,4
1731935316.0342944,1
1731935316.0463707,0
1731935316.0587037,1
1731935316.071379,0
1731935316.084237,0
1731935316.0969698,0
1731935316.108741,0
1731935316.1202714,0
1731935316.1321137,0
1731935316.1435444,0
1731935316.155093,0
1731935316.1667855,0
1731935316.1783068,1
1731935316.1903803,0
1731935316.2047117,0
1731935316.2169535,0
1731935316.2288077,2
1731935316.241367,3
1731935316.253054,4
1731935316.2656307,1
1731935316.278007,0
1731935316.2902215,1
1731935316.3015845,0
1731935316.3136773,0
1731935316.3251786,0
1731935316.3368492,0
1731935316.3487554,1
1731935316.3605525,0
1731935316.372248,0
1731935316.3840048,0
1731935316.3956795,0
1731935316.407884,1
1731935316.4195402,0
1731935316.4314904,0
1731935316.4434476,0
1731935316.455339,1
1731935316.467041,3
1731935316.4789233,3
1731935316.4902914,3
1731935316.5018249,1
1731935316.5134869,0
1731935316.5250676,1
1731935316.5364468,0
1731935316.5481398,0
1731935316.559992,0
1731935316.571596,0
1731935316.5845344,1
1731935316.5967462,0
1731935316.610136,0
1731935316.6217165,0
1731935316.633932,0
1731935316.6480036,1
1731935316.6603866,0
1731935316.6723104,0
1731935316.685422,0
1731935316.69745,1
1731935316.7108445,4
1731935316.7223625,2
1731935316.7344925,3
1731935316.7469726,0
1731935316.7593386,1
1731935316.772096,0
1731935316.784842,0
1731935316.7976701,0
1731935316.8117645,0
1731935316.824504,0
1731935316.8372812,0
1731935316.8509328,0
1731935316.8625774,0
1731935316.8749611,0
1731935316.8878567,0
1731935316.8992193,1
1731935316.912942,0
1731935316.9252517,0
1731935316.936915,0
1731935316.94972,3
1731935316.9617212,4
1731935316.9735487,2
1731935316.9851804,4
1731935316.9971788,0
1731935317.0088267,1
1731935317.0204554,0
1731935317.0319686,0
1731935317.0436964,0
1731935317.0550582,0
1731935317.0666382,0
1731935317.078151,1
1731935317.0896933,0
1731935317.1011357,0
1731935317.1140394,0
1731935317.1273532,0
1731935317.1389577,0
1731935317.1509712,1
1731935317.1627672,0
1731935317.1746516,0
1731935317.186046,0
1731935317.1979182,1
1731935317.2096882,4
1731935317.221002,2
1731935317.2322373,3
1731935317.2435873,4
1731935317.2555757,0
1731935317.267733,1
1731935317.2791646,0
1731935317.2909155,0
1731935317.3030877,0
1731935317.3148704,0
1731935317.326647,0
1731935317.33824,0
1731935317.3497233,0
1731935317.361105,0
1731935317.3733997,0
1731935317.385029,0
1731935317.3970263,0
1731935317.4088948,0
1731935317.4209073,1
1731935317.4330862,0
1731935317.4452617,0
1731935317.4569976,1
1731935317.4687972,4
1731935317.4810402,3
1731935317.4924304,2
1731935317.5042748,5
1731935317.5160646,0
1731935317.52832,0
1731935317.5406077,1
1731935317.5528607,0
1731935317.5645852,0
1731935317.5761147,0
1731935317.5874467,0
1731935317.600691,0
1731935317.6135767,1
1731935317.6250145,0
1731935317.636967,0
1731935317.6501503,0
1731935317.661808,0
1731935317.67416,0
1731935317.6856613,1
1731935317.69748,0
1731935317.7093399,0
1731935317.7219708,0
1731935317.7339218,4
1731935317.7455904,3
1731935317.7578452,1
1731935317.7693892,4
1731935317.7821343,0
1731935317.7945604,0
1731935317.806926,1
1731935317.8194542,0
1731935317.8318083,0
1731935317.8440511,0
1731935317.855824,0
1731935317.8677986,1
1731935317.8810394,0
1731935317.8956482,0
1731935317.9087262,0
1731935317.9217365,0
1731935317.9360223,0
1731935317.9486806,0
1731935317.960535,4
1731935317.9729264,4
1731935317.984777,0
1731935317.9964898,4
1731935318.0084465,2
1731935318.0201068,0
1731935318.0318635,0
1731935318.0438266,0
1731935318.0553346,0
1731935318.067456,0
1731935318.078983,0
1731935318.090737,0
1731935318.104111,0
1731935318.116384,1
1731935318.12869,0
1731935318.1418111,2
1731935318.1544473,4
1731935318.1671524,1
1731935318.1794298,4
1731935318.191347,2
1731935318.2035093,1
1731935318.2154102,0
1731935318.2277331,0
1731935318.2400692,0
1731935318.2520964,1
1731935318.2642355,0
1731935318.276547,0
1731935318.288138,0
1731935318.2997224,1
1731935318.3113687,0
1731935318.323544,2
1731935318.335623,4
1731935318.3474135,3
1731935318.3589072,1
1731935318.370796,3
1731935318.3824487,1
1731935318.3943834,0
1731935318.4063008,0
1731935318.418032,0
1731935318.4298382,0
1731935318.4415922,1
1731935318.45332,0
1731935318.465076,0
1731935318.4769068,0
1731935318.4895113,1
1731935318.5016723,0
1731935318.5139613,2
1731935318.5255263,5
1731935318.5374947,4
1731935318.5493057,1
1731935318.560942,4
1731935318.5727906,2
1731935318.5846012,1
1731935318.5965545,0
1731935318.6093209,0
1731935318.620678,0
1731935318.6324387,0
1731935318.6440892,1
1731935318.6559238,0
1731935318.6675966,0
1731935318.679917,1
1731935318.6911943,0
1731935318.702641,0
1731935318.7142003,3
1731935318.7261956,4
1731935318.7379622,4
1731935318.7496574,1
1731935318.7612104,3
1731935318.7726836,2
1731935318.7842677,1
1731935318.795934,0
1731935318.8082194,0
1731935318.8198326,0
1731935318.8318193,0
1731935318.84378,1
1731935318.855601,0
1731935318.8684769,0
1731935318.8803194,1
1731935318.8924015,0
1731935318.904631,0
1731935318.917547,2
1731935318.9303632,3
1731935318.9440262,4
1731935318.9563317,1
1731935318.9695466,4
1731935318.9839082,2
1731935318.997204,0
1731935319.0106847,0
1731935319.0238898,0
1731935319.0367777,0
1731935319.0493817,1
1731935319.0617945,0
1731935319.0754166,0
1731935319.0876787,0
1731935319.0997548,0
1731935319.1125705,0
1731935319.124919,0
1731935319.1364522,4
1731935319.1481965,4
1731935319.1610057,1
1731935319.1731327,2
1731935319.1851733,4
1731935319.197358,1
1731935319.209712,0
1731935319.2215512,0
1731935319.2336524,0
1731935319.2454054,1
1731935319.2570548,0
1731935319.268994,1
1731935319.2819445,0
1731935319.2940378,0
1731935319.305548,0
1731935319.317196,1
1731935319.328698,0
1731935319.340857,0
1731935319.3523467,3
1731935319.3640008,4
1731935319.3767555,4
1731935319.3893075,2
1731935319.402306,3
1731935319.4149032,1
1731935319.4282842,0
1731935319.4398832,0
1731935319.451825,0
1731935319.463869,0
1731935319.4760067,0
1731935319.4878373,0
1731935319.499778,0
1731935319.5120027,0
1731935319.5238082,0
1731935319.5356877,1
1731935319.5473824,0
1731935319.5589209,0
1731935319.5705016,1
1731935319.5824792,3
1731935319.5944285,4
1731935319.6070564,1
1731935319.6191921,2
1731935319.6313844,4
1731935319.6444292,1
1731935319.6582332,0
1731935319.6717358,0
1731935319.6861093,0
1731935319.699746,1
1731935319.7124996,0
1731935319.7246437,1
1731935319.7361238,0
1731935319.750006,0
1731935319.7616,0
1731935319.7745512,1
1731935319.7862113,0
1731935319.7979648,0
1731935319.8113096,3
1731935319.8226624,5
1731935319.8340995,4
1731935319.8460534,1
1731935319.857745,3
1731935319.869321,3
1731935319.8811824,0
1731935319.894375,0
1731935319.907183,0
1731935319.9201927,0
1731935319.9319558,2
1731935319.9435863,0
1731935319.9553711,0
1731935319.9670074,1
1731935319.9791253,0
1731935319.9913757,0
1731935320.0038285,0
1731935320.0153556,1
1731935320.0273798,0
1731935320.0394216,0
1731935320.0511262,2
1731935320.0626523,4
1731935320.0743983,3
1731935320.0858471,1
1731935320.0976598,4
1731935320.109702,4
1731935320.121231,1
1731935320.1328154,0
1731935320.1444106,0
1731935320.156226,0
1731935320.168698,0
1731935320.1805067,1
1731935320.192979,0
1731935320.2043512,1
1731935320.2162442,0
1731935320.2284517,0
1731935320.24085,0
1731935320.2531238,0
1731935320.2667768,0
1731935320.2805796,0
1731935320.2928734,0
1731935320.3047612,4
1731935320.3181274,3
1731935320.3313591,2
1731935320.3434844,3
1731935320.3555884,4
1731935320.3673642,2
1731935320.3789794,0
1731935320.3903143,0
1731935320.4017746,0
1731935320.4131744,0
1731935320.424742,1
1731935320.4363687,0
1731935320.447896,0
1731935320.4598906,1
1731935320.4713697,0
1731935320.4827604,0
1731935320.4940758,0
1731935320.5056493,1
1731935320.516995,0
1731935320.5285354,0
1731935320.541097,0
1731935320.552592,2
1731935320.5651946,4
1731935320.5777934,4
1731935320.5907066,0
1731935320.603806,3
1731935320.6158593,3
1731935320.6282852,2
1731935320.640975,0
1731935320.6530428,0
1731935320.6652856,0
1731935320.677862,0
1731935320.6895337,1
1731935320.7017205,0
1731935320.71301,1
1731935320.725176,0
1731935320.7371864,0
1731935320.7490497,0
1731935320.761314,0
1731935320.7739165,1
1731935320.7856202,0
1731935320.7973843,0
1731935320.8093994,0
1731935320.821056,4
1731935320.8332448,4
1731935320.8447816,3
1731935320.8568618,2
1731935320.8684928,3
1731935320.8804054,3
1731935320.8928332,1
1731935320.904905,0
1731935320.917025,0
1731935320.9290302,0
1731935320.9424014,0
1731935320.9544127,1
1731935320.9668033,0
1731935320.9798548,1
1731935320.9920578,0
1731935321.0035465,0
1731935321.015459,0
1731935321.0279546,0
1731935321.0407622,1
1731935321.0524921,0
1731935321.064399,0
1731935321.077476,4
1731935321.090077,3
1731935321.1022885,3
1731935321.115794,2
1731935321.1284463,2
1731935321.1425483,3
1731935321.1544492,1
1731935321.1670346,0
1731935321.178405,0
1731935321.1896493,0
1731935321.200874,0
1731935321.2124152,1
1731935321.2241015,0
1731935321.2360737,1
1731935321.247814,0
1731935321.259839,0
1731935321.271897,0
1731935321.2841415,0
1731935321.2970145,0
1731935321.310184,0
1731935321.3231041,3
1731935321.335448,4
1731935321.3480122,2
1731935321.3596706,1
1731935321.371041,3
1731935321.3824801,3
1731935321.3939111,3
1731935321.4060445,0
1731935321.4176762,0
1731935321.4291573,0
1731935321.4408908,0
1731935321.452141,1
1731935321.4637146,0
1731935321.4754102,1
1731935321.486923,0
1731935321.4986837,0
1731935321.5101488,0
1731935321.522095,0
1731935321.5360453,1
1731935321.5487688,0
1731935321.56191,5
1731935321.574711,4
1731935321.5874908,1
1731935321.6007292,3
1731935321.6141171,2
1731935321.6284034,5
1731935321.6433153,0
1731935321.6568756,0
1731935321.668825,0
1731935321.6814682,1
1731935321.693851,1
1731935321.7062178,0
1731935321.717856,0
1731935321.7303543,0
1731935321.7419012,1
1731935321.7541401,0
1731935321.766532,1
1731935321.7783465,4
1731935321.7902315,4
1731935321.8021035,2
1731935321.8142052,1
1731935321.8262398,2
1731935321.8385305,5
1731935321.8508167,2
1731935321.8625777,0
1731935321.8749328,0
1731935321.8867993,0
1731935321.8986442,1
1731935321.910489,1
1731935321.9217203,0
1731935321.933216,0
1731935321.9445033,0
1731935321.9558744,0
1731935321.967303,1
1731935321.9786575,0
1731935321.99026,3
