1732269290.9901047,0
1732269291.002804,0
1732269291.015799,0
1732269291.0281813,0
1732269291.0407324,0
1732269291.055703,0
1732269291.0676148,0
1732269291.0796702,0
1732269291.093555,0
1732269291.1072583,0
1732269291.1219,0
1732269291.1376066,0
1732269291.1532125,0
1732269291.1685731,0
1732269291.1845706,0
1732269291.1992993,0
1732269291.2143588,0
1732269291.2290175,0
1732269291.2451868,0
1732269291.25969,0
1732269291.2754195,0
1732269291.290648,0
1732269291.306873,0
1732269291.3215272,0
1732269291.3379488,0
1732269291.3530953,0
1732269291.3689785,0
1732269291.3842185,0
1732269291.3997483,0
1732269291.4147549,0
1732269291.4312673,0
1732269291.4460237,0
1732269291.4604602,0
1732269291.4753048,0
1732269291.4917,0
1732269291.5066164,0
1732269291.5226643,0
1732269291.5376368,0
1732269291.5532506,0
1732269291.5681968,0
1732269291.5843847,0
1732269291.5981803,0
1732269291.613807,0
1732269291.62849,0
1732269291.6440423,0
1732269291.6591215,0
1732269291.675135,0
1732269291.6905284,0
1732269291.7068055,0
1732269291.7218094,0
1732269291.7372375,0
1732269291.752317,0
1732269291.7685761,0
1732269291.7832367,0
1732269291.7993972,0
1732269291.8140082,0
1732269291.8279552,0
1732269291.842525,0
1732269291.858553,0
1732269291.8725433,0
1732269291.8877623,0
1732269291.9022834,0
1732269291.9173536,0
1732269291.9324324,0
1732269291.9484718,0
1732269291.9631777,0
1732269291.9789195,0
1732269291.9934387,0
1732269292.00911,0
1732269292.0233116,0
1732269292.039232,0
1732269292.054113,0
1732269292.0708778,0
1732269292.0834887,0
1732269292.0969865,5
1732269292.1103096,9
1732269292.1223097,19
1732269292.1341865,22
1732269292.147033,35
1732269292.1604652,50
1732269292.1742966,54
1732269292.1877906,55
1732269292.20262,60
1732269292.2170353,67
1732269292.232516,77
1732269292.2459748,84
1732269292.2598348,90
1732269292.2738633,97
1732269292.287575,103
1732269292.3027606,105
1732269292.3173108,105
1732269292.3329277,105
1732269292.3471682,105
1732269292.3626492,105
1732269292.3770022,105
1732269292.3914387,105
1732269292.4053307,105
1732269292.4186776,104
1732269292.4336407,105
1732269292.4475427,105
1732269292.4615536,105
1732269292.47677,104
1732269292.4909112,105
1732269292.5054429,105
1732269292.5198328,105
1732269292.5334477,104
1732269292.547799,105
1732269292.5626967,103
1732269292.5772634,103
1732269292.5916736,103
1732269292.6072218,105
1732269292.6211247,104
1732269292.6362724,105
1732269292.6506133,105
1732269292.6650436,105
1732269292.6798737,105
1732269292.694376,105
1732269292.7086563,105
1732269292.7226567,105
1732269292.737744,102
1732269292.7528074,101
1732269292.7683878,101
1732269292.7821407,98
1732269292.7965808,94
1732269292.8105552,97
1732269292.8247168,97
1732269292.839109,96
1732269292.853374,98
1732269292.8689842,100
1732269292.8823848,100
1732269292.8961375,98
1732269292.9114037,99
1732269292.9257367,100
1732269292.9403443,100
1732269292.9546447,100
1732269292.96947,102
1732269292.9832876,105
1732269292.997372,105
1732269293.0113776,105
1732269293.024863,105
1732269293.0405388,104
1732269293.0548754,104
1732269293.0695355,103
1732269293.0842905,104
1732269293.098366,102
1732269293.1131656,103
1732269293.1281712,102
1732269293.1423469,101
1732269293.1573474,101
1732269293.171755,101
1732269293.1855612,101
1732269293.1991596,102
1732269293.2139745,100
1732269293.2277625,101
1732269293.2421896,102
1732269293.2570055,104
1732269293.2746704,103
1732269293.289621,104
1732269293.304251,105
1732269293.3193052,104
1732269293.3344898,105
1732269293.3498394,105
1732269293.3642907,103
1732269293.3781917,105
1732269293.3926826,105
1732269293.4073336,104
1732269293.421769,105
1732269293.436039,102
1732269293.4498508,101
1732269293.4646273,105
1732269293.4789,104
1732269293.4933395,104
1732269293.5071287,105
1732269293.5211835,104
1732269293.5360327,104
1732269293.550253,103
1732269293.5644724,101
1732269293.5780377,102
1732269293.5915484,100
1732269293.606925,98
1732269293.6218388,96
1732269293.637434,97
1732269293.651152,97
1732269293.666389,96
1732269293.6816525,94
1732269293.6961043,95
1732269293.7106407,94
1732269293.7263794,91
1732269293.7411757,90
1732269293.756917,89
1732269293.7711105,89
1732269293.7867324,88
1732269293.8016798,90
1732269293.8169074,89
1732269293.8320508,87
1732269293.8476288,86
1732269293.8618145,86
1732269293.8761566,87
1732269293.8912065,89
1732269293.9050014,86
1732269293.9194877,85
1732269293.9346247,85
1732269293.9497225,88
1732269293.9641707,85
1732269293.9799843,82
1732269293.9940193,80
1732269294.0095067,81
1732269294.0237908,80
1732269294.0378337,80
1732269294.052111,77
1732269294.067339,75
1732269294.0823827,75
1732269294.0981727,73
1732269294.1126206,72
1732269294.1267128,74
1732269294.1411498,74
1732269294.1547737,73
1732269294.1702983,75
1732269294.1852643,72
1732269294.1998773,73
1732269294.2145283,70
1732269294.2285876,71
1732269294.2432506,72
1732269294.2579799,70
1732269294.2730436,69
1732269294.2885237,68
1732269294.3037772,64
1732269294.3176017,63
1732269294.331927,63
1732269294.345711,62
1732269294.3595362,64
1732269294.3748493,65
1732269294.389646,65
1732269294.404487,66
1732269294.4182646,65
1732269294.433841,65
1732269294.448271,65
1732269294.4640343,63
1732269294.479083,63
1732269294.493509,67
1732269294.508487,67
1732269294.523947,65
1732269294.5381362,67
1732269294.552244,67
1732269294.5661635,67
1732269294.5808687,68
1732269294.596653,67
1732269294.6101692,66
1732269294.6248574,65
1732269294.6392379,65
1732269294.6556642,65
1732269294.667715,64
1732269294.6806152,64
1732269294.6958025,63
1732269294.7107017,62
1732269294.726328,62
1732269294.7409992,61
1732269294.7565045,59
1732269294.7705848,60
1732269294.7844462,59
1732269294.798017,58
1732269294.812449,56
1732269294.8269458,59
1732269294.841379,59
1732269294.855879,59
1732269294.8699312,61
1732269294.8838646,63
1732269294.8994212,63
1732269294.9137614,62
1732269294.9297798,60
1732269294.9438636,61
1732269294.9588768,62
1732269294.9742372,62
1732269294.9899082,63
1732269295.0047746,64
1732269295.0207717,64
1732269295.0351381,62
1732269295.0505784,62
1732269295.065237,64
1732269295.080876,62
1732269295.0951931,61
1732269295.1097403,61
1732269295.1248715,61
1732269295.13955,63
1732269295.1540275,61
1732269295.1676655,62
1732269295.1823087,62
1732269295.1981845,64
1732269295.2131917,64
1732269295.2279844,63
1732269295.2436922,60
1732269295.2585528,60
1732269295.2737653,60
1732269295.2889,61
1732269295.3041809,61
1732269295.3194597,60
1732269295.3337612,60
1732269295.3477502,59
1732269295.3631105,60
1732269295.377984,59
1732269295.3935726,59
1732269295.4082978,59
1732269295.4236944,59
1732269295.4387932,58
1732269295.45457,57
1732269295.469362,59
1732269295.485021,59
1732269295.499676,58
1732269295.5153284,57
1732269295.5297785,57
1732269295.5444903,56
1732269295.5588884,56
1732269295.5740697,58
1732269295.5881274,60
1732269295.6037095,59
1732269295.6174896,59
1732269295.63228,61
1732269295.646546,61
1732269295.661784,61
1732269295.6765764,59
1732269295.6906881,57
1732269295.7071314,55
1732269295.7207541,56
1732269295.7341084,56
1732269295.7471607,59
1732269295.7606618,56
1732269295.7739894,57
1732269295.7873302,57
1732269295.801348,56
1732269295.8166916,57
1732269295.8319283,55
1732269295.847553,53
1732269295.8613343,52
1732269295.874488,66
1732269295.889305,66
1732269295.9034405,66
1732269295.919365,68
1732269295.934175,68
1732269295.9498916,69
1732269295.9651213,69
1732269295.9822562,54
1732269295.9972758,56
1732269296.0128071,54
1732269296.027465,51
1732269296.0427408,50
1732269296.0569696,49
1732269296.0723484,51
1732269296.0873284,50
1732269296.1029315,47
1732269296.1174772,48
1732269296.1327095,50
1732269296.147274,51
1732269296.1615875,53
1732269296.176512,52
1732269296.192606,53
1732269296.2071867,53
1732269296.2225919,51
1732269296.2372925,51
1732269296.2519245,50
1732269296.266623,50
1732269296.280804,48
1732269296.2956777,47
1732269296.3103006,47
1732269296.325902,46
1732269296.341282,45
1732269296.3565855,45
1732269296.3706403,46
1732269296.3857753,44
1732269296.399668,44
1732269296.4155354,45
1732269296.4300635,44
1732269296.4448304,43
1732269296.4599268,42
1732269296.4754221,43
1732269296.4892106,45
1732269296.5042605,44
1732269296.5190518,43
1732269296.5342524,43
1732269296.5485065,43
1732269296.5628235,43
1732269296.5783763,47
1732269296.5933466,45
1732269296.608878,47
1732269296.623429,48
1732269296.6381726,51
1732269296.65238,48
1732269296.6678243,47
1732269296.6817358,46
1732269296.6977155,45
1732269296.7120223,45
1732269296.7277448,44
1732269296.7424629,44
1732269296.7577505,44
1732269296.7725298,44
1732269296.7879403,44
1732269296.8016615,44
1732269296.8173747,43
1732269296.8323092,42
1732269296.8477187,42
1732269296.861811,44
1732269296.875614,45
1732269296.8915544,44
1732269296.9053884,42
1732269296.9200628,42
1732269296.9338439,43
1732269296.948725,43
1732269296.9631014,42
1732269296.977826,45
1732269296.9921348,45
1732269297.0067396,44
1732269297.0212247,44
1732269297.0352037,44
1732269297.0497758,45
1732269297.0645025,48
1732269297.078357,49
1732269297.0929613,50
1732269297.106983,51
1732269297.121433,51
1732269297.1364157,50
1732269297.1532645,49
1732269297.1672513,49
1732269297.1824796,49
1732269297.1965902,49
1732269297.2126732,50
1732269297.2271612,49
1732269297.2422569,49
1732269297.255782,48
1732269297.2709749,46
1732269297.2853098,51
1732269297.2994123,49
1732269297.3132348,48
1732269297.3282113,48
1732269297.3441179,48
1732269297.3587549,48
1732269297.3731608,50
1732269297.3885763,49
1732269297.4033654,47
1732269297.4182913,48
1732269297.433881,50
1732269297.4487386,51
1732269297.4640312,52
1732269297.479084,51
1732269297.4942694,51
1732269297.509435,50
1732269297.5243897,52
1732269297.5389347,52
1732269297.5524888,50
1732269297.568175,51
1732269297.5826051,52
1732269297.5985699,52
1732269297.6141465,52
1732269297.6289806,51
1732269297.6432922,50
1732269297.6578948,52
1732269297.6714025,52
1732269297.684975,52
1732269297.6998405,52
1732269297.7149196,51
1732269297.7300425,51
1732269297.745432,53
1732269297.7610672,54
1732269297.775584,52
1732269297.7896826,51
1732269297.8046806,49
1732269297.8197055,51
1732269297.8337896,51
1732269297.8480299,53
1732269297.862815,50
1732269297.8768115,51
1732269297.8919446,52
1732269297.907378,52
1732269297.9218602,53
1732269297.9371362,54
1732269297.9528544,55
1732269297.9669027,52
1732269297.981385,52
1732269297.9963603,52
1732269298.0124629,54
1732269298.026643,54
1732269298.0416062,53
1732269298.0554187,52
1732269298.0695124,51
1732269298.082971,52
1732269298.0967467,54
1732269298.1112127,55
1732269298.125104,55
1732269298.138801,54
1732269298.1528544,55
1732269298.1665668,56
1732269298.180408,57
1732269298.1950371,56
1732269298.2101216,56
1732269298.2250373,53
1732269298.239142,52
1732269298.2530794,55
1732269298.267746,57
1732269298.2836459,54
1732269298.2981558,53
1732269298.3127832,56
1732269298.32629,54
1732269298.3403,56
1732269298.3541856,56
1732269298.3679028,57
1732269298.3829095,55
1732269298.3975682,55
1732269298.413313,55
1732269298.4277728,55
1732269298.4429126,55
1732269298.457789,55
1732269298.4718301,55
1732269298.488574,56
1732269298.5033078,58
1732269298.5182226,56
1732269298.5338464,56
1732269298.5490339,57
1732269298.5634205,59
1732269298.579007,60
1732269298.5941648,59
1732269298.609062,59
1732269298.6246572,58
1732269298.6404035,57
1732269298.6552448,56
1732269298.669795,54
1732269298.6847932,54
1732269298.700248,57
1732269298.7146468,56
1732269298.7291765,56
1732269298.7446563,56
1732269298.7596252,58
1732269298.7738566,59
1732269298.7876291,59
1732269298.801302,58
1732269298.815108,58
1732269298.829236,57
1732269298.8435674,58
1732269298.8586519,59
1732269298.8734229,58
1732269298.8886023,57
1732269298.9035122,56
1732269298.9191444,57
1732269298.933804,57
1732269298.9454947,55
1732269298.95957,53
1732269298.97429,55
1732269298.989434,54
1732269299.003899,53
1732269299.0193496,50
1732269299.0339491,54
1732269299.0495234,53
1732269299.0642767,53
1732269299.079133,54
1732269299.0937073,54
1732269299.1085975,53
1732269299.122914,52
1732269299.1377635,51
1732269299.1526325,51
1732269299.1674113,51
1732269299.182013,50
1732269299.1971385,51
1732269299.2112417,50
1732269299.225441,52
1732269299.240573,52
1732269299.256048,50
1732269299.2710748,50
1732269299.2855296,51
1732269299.299953,51
1732269299.315486,49
1732269299.329851,52
1732269299.3454964,54
1732269299.3600047,55
1732269299.375379,54
1732269299.3899012,53
1732269299.4054482,52
1732269299.4201863,52
1732269299.4354987,49
1732269299.4507575,48
1732269299.4669785,50
1732269299.4812882,51
1732269299.4962301,52
1732269299.5106566,53
1732269299.5253081,52
1732269299.539851,53
1732269299.5550432,52
1732269299.5690062,53
1732269299.5833693,53
1732269299.597394,53
1732269299.611573,53
1732269299.6254168,53
1732269299.6399517,51
1732269299.6536348,54
1732269299.6685004,51
1732269299.6837788,53
1732269299.6988242,54
1732269299.7138174,55
1732269299.7295158,53
1732269299.7438796,52
1732269299.758769,52
1732269299.7740424,51
1732269299.7894986,51
1732269299.8046644,51
1732269299.819874,50
1732269299.8343701,49
1732269299.8474927,49
1732269299.8606694,48
1732269299.8756218,49
1732269299.8907444,51
1732269299.9061332,51
1732269299.9215908,51
1732269299.9365053,52
1732269299.950992,51
1732269299.9658144,49
1732269299.9814353,50
1732269299.9959378,53
1732269300.0116017,53
1732269300.026135,55
1732269300.040806,53
1732269300.0555131,52
1732269300.0695953,52
1732269300.0835516,53
1732269300.0975902,51
1732269300.1122591,48
1732269300.1262329,50
1732269300.1418092,48
1732269300.1563704,50
1732269300.1712644,50
1732269300.1862326,50
1732269300.2022917,49
1732269300.2181218,50
1732269300.2326558,50
1732269300.2469668,51
1732269300.261705,51
1732269300.2771497,50
1732269300.2925627,48
1732269300.3075345,50
1732269300.321949,53
1732269300.3376143,51
1732269300.3531222,53
1732269300.3682134,54
1732269300.3832886,54
1732269300.3993893,53
1732269300.4135125,52
1732269300.4292173,50
1732269300.4436147,51
1732269300.4573882,52
1732269300.4717684,51
1732269300.4858005,51
1732269300.5012937,51
1732269300.5156765,53
1732269300.5314672,54
1732269300.54699,52
1732269300.5627065,51
1732269300.5781393,52
1732269300.5940866,50
1732269300.609542,51
1732269300.6239336,51
1732269300.640079,50
1732269300.654813,50
1732269300.6706338,51
1732269300.6857495,50
1732269300.702007,49
1732269300.7166991,48
1732269300.7331417,47
1732269300.7477465,47
1732269300.7624655,48
1732269300.7775073,49
1732269300.7918937,51
1732269300.8061116,51
1732269300.8214679,50
1732269300.8366513,50
1732269300.8519535,50
1732269300.8672502,50
1732269300.883335,51
1732269300.8969839,50
1732269300.9124444,49
1732269300.9271858,48
1732269300.9412682,50
1732269300.9556444,49
1732269300.970568,48
1732269300.9850354,47
1732269300.9992568,48
1732269301.0142322,49
1732269301.0289996,51
1732269301.0445092,48
1732269301.0594645,48
1732269301.0751576,47
1732269301.0895464,48
1732269301.1056075,47
1732269301.1202435,46
1732269301.135779,46
1732269301.15061,48
1732269301.1654582,49
1732269301.1799996,48
1732269301.1965265,47
1732269301.2117684,44
1732269301.2264998,45
1732269301.2417057,44
1732269301.2561753,47
1732269301.2699976,45
1732269301.2838397,45
1732269301.2988865,46
1732269301.3140602,45
1732269301.329484,45
1732269301.3439124,48
1732269301.3595827,47
1732269301.3738916,47
1732269301.3894837,48
1732269301.4045064,49
1732269301.4201295,49
1732269301.4345315,50
1732269301.4498987,49
1732269301.4647927,48
1732269301.480263,48
1732269301.494144,47
1732269301.5099342,48
1732269301.5247693,47
1732269301.5394049,46
1732269301.5541744,46
1732269301.5700133,47
1732269301.5846772,46
1732269301.6005914,45
1732269301.615351,43
1732269301.6307292,43
1732269301.6447113,43
1732269301.6607382,44
1732269301.675527,43
1732269301.6905825,44
1732269301.7054467,44
1732269301.7220788,44
1732269301.7361372,43
1732269301.7507749,47
1732269301.7657886,49
1732269301.7804592,50
1732269301.7954574,51
1732269301.8100183,49
1732269301.8246357,47
1732269301.839709,48
1732269301.8547094,46
1732269301.8688118,46
1732269301.8828049,44
1732269301.8974977,45
1732269301.9128036,46
1732269301.927472,47
1732269301.9415224,46
1732269301.957024,44
1732269301.9709253,44
1732269301.9866838,46
1732269302.001141,46
1732269302.0155659,44
1732269302.03087,43
1732269302.045339,42
1732269302.0596542,42
1732269302.0754235,41
1732269302.0900438,41
1732269302.1056085,41
1732269302.1189802,43
1732269302.1341743,42
1732269302.1494784,42
1732269302.163875,42
1732269302.1784604,42
1732269302.1935334,42
1732269302.2083566,42
1732269302.2231584,40
1732269302.2377028,42
1732269302.2526186,40
1732269302.2680576,40
1732269302.2821586,40
1732269302.2980552,42
1732269302.3135765,42
1732269302.3294353,43
1732269302.3440244,44
1732269302.3598275,43
1732269302.3745255,40
1732269302.3905783,40
1732269302.404815,41
1732269302.4201782,40
1732269302.4352453,38
1732269302.4497933,38
1732269302.4646409,38
1732269302.4797986,39
1732269302.495217,39
1732269302.5095184,39
1732269302.5237076,40
1732269302.5395324,40
1732269302.5540664,40
1732269302.568522,38
1732269302.5838416,38
1732269302.59791,36
1732269302.6123939,37
1732269302.6272082,38
1732269302.642306,39
1732269302.6571872,40
1732269302.6715229,40
1732269302.686986,39
1732269302.7006083,39
1732269302.7154672,40
1732269302.730604,39
1732269302.7450233,39
1732269302.7602422,37
1732269302.7763283,41
1732269302.7907689,41
1732269302.806197,41
1732269302.8202076,39
1732269302.8341908,39
1732269302.84864,38
1732269302.8634655,41
1732269302.878086,40
1732269302.8932743,40
1732269302.9088404,41
1732269302.9234834,39
1732269302.938129,38
1732269302.9530504,38
1732269302.9685163,38
1732269302.9834073,38
1732269302.9991727,37
1732269303.0135813,37
1732269303.0290186,41
1732269303.043771,42
1732269303.056632,44
1732269303.0714722,44
1732269303.0857563,40
1732269303.0995235,40
1732269303.1134012,39
1732269303.1289225,41
1732269303.1437566,39
1732269303.159333,37
1732269303.1741168,38
1732269303.189204,38
1732269303.2034001,40
1732269303.2180011,39
1732269303.2324185,38
1732269303.2470925,38
1732269303.261969,37
1732269303.276274,38
1732269303.292086,39
1732269303.3072705,39
1732269303.3222387,38
1732269303.3377619,38
1732269303.3532174,38
1732269303.3672159,37
1732269303.3825622,39
1732269303.3977034,37
1732269303.413372,38
1732269303.4291017,35
1732269303.444197,34
1732269303.4586575,31
1732269303.472485,31
1732269303.4867337,30
1732269303.5012658,30
1732269303.5161204,29
1732269303.5314012,30
1732269303.546723,28
1732269303.5618753,29
1732269303.5769918,30
1732269303.5925,31
1732269303.6057658,28
1732269303.6203108,28
1732269303.6355944,27
1732269303.650786,26
1732269303.6646693,27
1732269303.679008,27
1732269303.6931434,26
1732269303.7091336,29
1732269303.7252817,30
1732269303.7400107,31
1732269303.7560325,28
1732269303.770195,28
1732269303.78552,26
1732269303.8000743,24
1732269303.8152955,22
1732269303.8299518,22
1732269303.8451924,26
1732269303.8603048,28
1732269303.8759239,29
1732269303.8899436,29
1732269303.90426,26
1732269303.9195216,25
1732269303.9349344,27
1732269303.9499962,29
1732269303.9648879,29
1732269303.9794002,28
1732269303.9931402,26
1732269304.0075934,27
1732269304.022091,28
1732269304.037117,29
1732269304.0518563,31
1732269304.067441,30
1732269304.0826178,29
1732269304.098824,28
1732269304.113366,30
1732269304.128681,30
1732269304.1437726,31
1732269304.157829,31
1732269304.1729834,32
1732269304.187479,31
1732269304.2010891,31
1732269304.2154026,32
1732269304.2297246,31
1732269304.2447288,31
1732269304.2590933,32
1732269304.2738132,31
1732269304.2862575,33
1732269304.2987897,34
1732269304.312915,35
1732269304.3276947,34
1732269304.3433323,35
1732269304.3578646,34
1732269304.373739,35
1732269304.3897464,37
1732269304.404168,38
1732269304.418828,38
1732269304.4326084,36
1732269304.447588,35
1732269304.4621315,36
1732269304.4773147,34
1732269304.4935622,36
1732269304.5082695,37
1732269304.523734,38
1732269304.5382173,39
1732269304.5533063,39
1732269304.5679412,38
1732269304.5821452,37
1732269304.5960174,38
