1731927305.8155591,0
1731927305.835623,0
1731927305.8498945,0
1731927305.8625045,0
1731927305.8765347,0
1731927305.8901749,0
1731927305.903986,0
1731927305.9182882,0
1731927305.9314468,0
1731927305.944045,0
1731927305.9588113,0
1731927305.9712446,0
1731927305.9836593,0
1731927305.998486,0
1731927306.0112462,0
1731927306.0239842,0
1731927306.0390198,0
1731927306.0521364,0
1731927306.064484,0
1731927306.0770588,0
1731927306.0908368,0
1731927306.1043708,0
1731927306.1174703,0
1731927306.1327436,0
1731927306.144695,0
1731927306.1566486,0
1731927306.170916,0
1731927306.1840258,0
1731927306.1956234,0
1731927306.2079976,0
1731927306.2217283,0
1731927306.233766,0
1731927306.2452576,0
1731927306.2568848,0
1731927306.269989,0
1731927306.2828965,0
1731927306.2953122,0
1731927306.3075259,0
1731927306.3212664,0
1731927306.3333192,0
1731927306.3450868,0
1731927306.3566563,0
1731927306.3700657,0
1731927306.3822532,0
1731927306.3950882,0
1731927306.4076955,0
1731927306.4212513,0
1731927306.43407,0
1731927306.4470863,0
1731927306.459912,0
1731927306.4732711,0
1731927306.4864206,0
1731927306.498866,0
1731927306.5132143,0
1731927306.525486,0
1731927306.5375376,0
1731927306.5488768,0
1731927306.5608256,0
1731927306.573254,0
1731927306.5852017,0
1731927306.5974705,0
1731927306.6093137,0
1731927306.621671,0
1731927306.63513,0
1731927306.6471899,0
1731927306.6590867,0
1731927306.671189,0
1731927306.6840916,0
1731927306.696767,0
1731927306.7085721,0
1731927306.7208629,0
1731927306.7348387,0
1731927306.7476633,0
1731927306.759913,0
1731927306.7722921,0
1731927306.7857463,0
1731927306.7978022,0
1731927306.8104434,0
1731927306.8230624,0
1731927306.8366401,0
1731927306.8570826,0
1731927306.8819337,0
1731927306.8983283,5
1731927306.9132605,18
1731927306.9289777,15
1731927306.943545,15
1731927306.9566555,18
1731927306.968898,20
1731927306.9816656,21
1731927306.9974096,23
1731927307.0089216,20
1731927307.0233202,28
1731927307.0362737,34
1731927307.0521235,45
1731927307.065974,53
1731927307.0781965,58
1731927307.0897036,59
1731927307.1061242,58
1731927307.1190362,58
1731927307.1315331,57
1731927307.1485264,57
1731927307.1644213,58
1731927307.1804388,56
1731927307.1960702,56
1731927307.209724,55
1731927307.224505,57
1731927307.2406719,56
1731927307.2533798,55
1731927307.2655938,56
1731927307.279781,54
1731927307.2921445,55
1731927307.3067071,54
1731927307.320891,54
1731927307.3379104,53
1731927307.3575833,53
1731927307.371689,55
1731927307.3854122,54
1731927307.3985121,53
1731927307.4114625,54
1731927307.4241138,54
1731927307.4409513,53
1731927307.4560952,53
1731927307.4714339,52
1731927307.48285,53
1731927307.500828,52
1731927307.5127506,53
1731927307.525206,53
1731927307.5380282,53
1731927307.5498843,52
1731927307.563165,50
1731927307.5753615,50
1731927307.5879266,50
1731927307.6024795,52
1731927307.6159682,51
1731927307.62871,51
1731927307.6429877,50
1731927307.6563172,51
1731927307.6705782,51
1731927307.6840441,50
1731927307.696813,50
1731927307.7102673,49
1731927307.723719,50
1731927307.7387655,50
1731927307.751406,49
1731927307.7653525,50
1731927307.7807307,49
1731927307.7931085,48
1731927307.80621,49
1731927307.817806,49
1731927307.8297791,47
1731927307.8423278,49
1731927307.8559434,47
1731927307.8721511,47
1731927307.8915882,47
1731927307.9073594,46
1731927307.9215581,46
1731927307.9349558,47
1731927307.952796,46
1731927307.9692059,46
1731927307.9812112,45
1731927307.9972444,46
1731927308.0169725,46
1731927308.0363357,46
1731927308.0480044,45
1731927308.059834,44
1731927308.0772998,45
1731927308.0900793,44
1731927308.1072807,44
1731927308.1228821,42
1731927308.140536,44
1731927308.1571412,44
1731927308.172134,44
1731927308.1870384,42
1731927308.2010822,43
1731927308.21355,43
1731927308.2280517,43
1731927308.2415576,40
1731927308.25654,42
1731927308.2686415,42
1731927308.2807314,40
1731927308.2919383,41
1731927308.3095222,39
1731927308.3214984,39
1731927308.3334935,39
1731927308.3459816,39
1731927308.359403,39
1731927308.3732982,40
1731927308.3881235,37
1731927308.4012208,39
1731927308.413612,38
1731927308.4274685,39
1731927308.4399974,38
1731927308.4535322,38
1731927308.4677804,39
1731927308.4812849,37
1731927308.5013516,36
1731927308.5144432,37
1731927308.529152,37
1731927308.5426066,37
1731927308.5571156,37
1731927308.5743003,37
1731927308.5893044,35
1731927308.6032662,34
1731927308.6152246,36
1731927308.62993,36
1731927308.6442113,35
1731927308.656736,35
1731927308.6759565,35
1731927308.6907263,34
1731927308.7103465,33
1731927308.7260957,32
1731927308.7412612,34
1731927308.7542136,32
1731927308.7658134,33
1731927308.777637,33
1731927308.7901013,33
1731927308.80234,31
1731927308.8142006,32
1731927308.8260324,32
1731927308.8423915,30
1731927308.8552518,31
1731927308.8677158,31
1731927308.8858995,30
1731927308.9072168,29
1731927308.9220095,29
1731927308.9437778,28
1731927308.962179,29
1731927308.9775467,28
1731927308.995631,28
1731927309.0110617,27
1731927309.02934,27
1731927309.0435777,25
1731927309.0561867,27
1731927309.06853,27
1731927309.080969,25
1731927309.0954318,26
1731927309.1109626,25
1731927309.1240287,25
1731927309.138506,25
1731927309.154153,23
1731927309.1666071,23
1731927309.1790893,22
1731927309.1912744,22
1731927309.2087772,23
1731927309.2214658,22
1731927309.239321,21
1731927309.253218,21
1731927309.2685907,20
1731927309.2808657,19
1731927309.2948248,21
1731927309.3090103,19
1731927309.3224924,19
1731927309.3385623,18
1731927309.355171,19
1731927309.369513,18
1731927309.3816462,17
1731927309.3958175,17
1731927309.4125028,15
1731927309.4300537,16
1731927309.4479935,15
1731927309.4652774,13
1731927309.479285,14
1731927309.4918637,14
1731927309.504822,14
1731927309.5166056,14
1731927309.5302367,11
1731927309.542737,13
1731927309.5541248,12
1731927309.5744224,13
1731927309.5918612,13
1731927309.6036766,13
1731927309.6165595,12
1731927309.6303954,13
1731927309.6429572,12
1731927309.6584735,12
1731927309.6729352,12
1731927309.6877315,12
1731927309.7048867,11
1731927309.717135,11
1731927309.7320676,13
1731927309.7443714,13
1731927309.7608075,13
1731927309.7735612,13
1731927309.7899268,12
1731927309.8035672,12
1731927309.8227746,12
1731927309.8360953,11
1731927309.8477411,11
1731927309.8635137,12
1731927309.8760972,12
1731927309.8881006,12
1731927309.903654,13
1731927309.9159162,13
1731927309.9315524,12
1731927309.9446542,11
1731927309.9566448,11
1731927309.9695857,13
1731927309.9845114,12
1731927309.9963527,13
1731927310.0084102,13
1731927310.024572,11
1731927310.0374033,13
1731927310.0491557,13
1731927310.0639296,12
1731927310.0799074,12
1731927310.0922308,12
1731927310.105593,12
1731927310.1170917,13
1731927310.129001,13
1731927310.1452,12
1731927310.157746,12
1731927310.1731796,13
1731927310.1864176,12
1731927310.1990793,13
1731927310.2106059,12
1731927310.2296495,12
1731927310.2530205,12
1731927310.2694757,13
1731927310.2817805,13
1731927310.301989,13
1731927310.3239539,12
1731927310.339517,11
1731927310.3521585,13
1731927310.368229,12
1731927310.381934,12
1731927310.3952606,12
1731927310.4126582,13
1731927310.4258022,12
1731927310.4558256,17
1731927310.4786184,14
1731927310.493015,13
1731927310.5062587,12
1731927310.5190344,12
1731927310.5311701,11
1731927310.5437214,12
1731927310.556867,12
1731927310.5727525,13
1731927310.5899403,13
1731927310.607882,12
1731927310.6214542,13
1731927310.6332593,13
1731927310.645306,13
1731927310.6573422,13
1731927310.6754007,12
1731927310.6884499,12
1731927310.7051666,13
1731927310.7174993,12
1731927310.7301137,11
1731927310.745644,12
1731927310.758056,12
1731927310.772557,12
1731927310.7846644,12
1731927310.7987754,13
1731927310.8131094,13
1731927310.825849,12
1731927310.8396122,13
1731927310.852456,12
1731927310.8660126,13
1731927310.880729,13
1731927310.893989,12
1731927310.9080722,12
1731927310.9227977,12
1731927310.9359844,13
1731927310.947739,11
1731927310.9627988,11
1731927310.9751103,13
1731927310.9872673,13
1731927310.9987838,11
1731927311.0142016,13
1731927311.027903,11
1731927311.0444653,12
1731927311.0596638,11
1731927311.0736299,11
1731927311.0868192,13
1731927311.0994656,12
1731927311.1150043,12
1731927311.1296654,11
1731927311.1447346,13
1731927311.1567087,13
1731927311.1722353,12
1731927311.1890829,12
1731927311.2018113,12
1731927311.2156272,12
1731927311.2289643,13
1731927311.2426267,12
1731927311.2564871,12
1731927311.2705445,13
1731927311.2838435,12
1731927311.2963605,12
1731927311.3088138,11
1731927311.3212993,13
1731927311.3379169,12
1731927311.3504837,13
1731927311.3631978,13
1731927311.376545,11
1731927311.3901947,12
1731927311.4036946,13
1731927311.41773,11
1731927311.4305446,11
1731927311.442428,13
1731927311.4543698,11
1731927311.4686756,12
1731927311.4801507,12
1731927311.4916716,12
1731927311.5076485,11
1731927311.52118,12
1731927311.5363271,12
1731927311.5498774,13
1731927311.5625546,12
1731927311.576282,13
1731927311.5905576,13
1731927311.6025274,13
1731927311.6152039,13
1731927311.6271856,12
1731927311.6399717,12
1731927311.65204,12
1731927311.6637204,12
1731927311.6755574,13
1731927311.6879306,13
1731927311.7014575,11
1731927311.7160633,13
1731927311.7314963,13
1731927311.7433155,13
1731927311.7554476,13
1731927311.7719343,13
1731927311.7840772,13
1731927311.7970757,13
1731927311.8109152,13
1731927311.8239288,12
1731927311.836825,11
1731927311.8492966,13
1731927311.8615844,13
1731927311.8741837,13
1731927311.887863,12
1731927311.900961,13
1731927311.9135125,12
1731927311.9248564,13
1731927311.9447842,13
1731927311.960204,12
1731927311.973395,13
1731927311.988834,12
1731927312.0051906,13
1731927312.0189133,13
1731927312.0335057,13
1731927312.045208,11
1731927312.057187,11
1731927312.0694728,11
1731927312.0822105,13
1731927312.095059,12
1731927312.1095202,12
1731927312.1229024,13
1731927312.1367056,12
1731927312.1507828,13
1731927312.165314,12
1731927312.1783884,11
1731927312.1898499,12
1731927312.20657,12
1731927312.2228608,13
1731927312.236932,13
1731927312.2491426,13
1731927312.2614913,13
1731927312.2753272,11
1731927312.287405,11
1731927312.3012807,12
1731927312.3159962,12
1731927312.3298254,12
1731927312.346198,13
1731927312.3600287,11
1731927312.3755355,13
1731927312.3908417,12
1731927312.4040823,12
1731927312.418102,12
1731927312.4315655,11
1731927312.444669,12
1731927312.456886,11
1731927312.4710133,12
1731927312.4831672,12
1731927312.4955842,12
1731927312.5082984,13
1731927312.520474,13
1731927312.5326962,13
1731927312.5449996,13
1731927312.5581248,12
1731927312.5708466,11
1731927312.583355,13
1731927312.596452,12
1731927312.6088996,12
1731927312.620404,12
1731927312.6345973,13
1731927312.6490107,13
1731927312.6606042,13
1731927312.6728985,13
1731927312.6863601,13
1731927312.7015617,11
1731927312.713046,12
1731927312.7253444,12
1731927312.7409241,13
1731927312.7528367,13
1731927312.765174,11
1731927312.7772665,13
1731927312.7902439,12
1731927312.8030722,12
1731927312.81572,11
1731927312.8288596,12
1731927312.8418963,12
1731927312.8543947,13
1731927312.8728006,12
1731927312.8890254,13
1731927312.9049742,12
1731927312.9188867,13
1731927312.931614,12
1731927312.9437807,11
1731927312.955948,12
1731927312.9726,12
1731927312.9844606,12
1731927312.9959457,12
1731927313.0093784,11
1731927313.0223944,13
1731927313.0361986,11
1731927313.0519288,12
1731927313.064466,12
1731927313.0804646,13
1731927313.0947876,13
1731927313.1081233,12
1731927313.1217473,13
1731927313.1355762,12
1731927313.1471732,11
1731927313.1605935,12
1731927313.1729486,12
1731927313.1864357,13
1731927313.1991947,13
1731927313.2142336,12
1731927313.2261434,12
1731927313.2380793,12
1731927313.2511039,12
1731927313.26592,12
1731927313.2780015,11
1731927313.2946231,12
1731927313.3127575,13
1731927313.3254395,12
1731927313.3441522,13
1731927313.3592832,12
1731927313.3716397,12
1731927313.3855891,13
1731927313.3993165,11
1731927313.411722,12
1731927313.4247413,12
1731927313.4370832,12
1731927313.4485188,13
1731927313.4598775,11
1731927313.4716187,12
1731927313.487994,12
1731927313.5074363,12
1731927313.5207531,13
1731927313.5358768,13
1731927313.548677,12
1731927313.5608902,12
1731927313.5751991,12
1731927313.5876403,12
1731927313.5995376,12
1731927313.611813,12
1731927313.6274028,13
1731927313.6495044,13
1731927313.6660209,13
1731927313.678074,11
1731927313.69128,12
1731927313.704368,12
1731927313.7184267,12
1731927313.7317724,13
1731927313.7459228,11
1731927313.7596447,12
1731927313.7713816,12
1731927313.782576,13
1731927313.7949064,13
1731927313.8094382,13
1731927313.82193,12
1731927313.8338826,13
1731927313.8471985,12
1731927313.8591983,12
1731927313.8720489,13
1731927313.8836086,12
1731927313.898848,13
1731927313.9107783,11
1731927313.9230442,13
1731927313.9423683,13
1731927313.9567943,11
1731927313.97344,11
1731927313.9899318,12
1731927314.007291,12
1731927314.0213435,12
1731927314.0341208,13
1731927314.0470328,13
1731927314.0616653,13
1731927314.0745232,12
1731927314.088341,13
1731927314.1030536,12
1731927314.114567,13
1731927314.1267853,13
1731927314.140849,11
1731927314.153188,13
1731927314.1657264,13
1731927314.1797583,11
1731927314.1928473,12
1731927314.2063522,13
1731927314.2201629,12
1731927314.2334852,13
1731927314.2454672,13
1731927314.257567,13
1731927314.2716582,13
1731927314.2833824,12
1731927314.294606,12
1731927314.307388,12
1731927314.322199,11
1731927314.3360722,12
1731927314.3479993,12
1731927314.3614187,13
1731927314.374077,13
1731927314.386165,13
1731927314.4001913,12
1731927314.415242,13
1731927314.4279275,12
1731927314.4433274,11
1731927314.455648,11
1731927314.4673514,12
1731927314.4808037,13
1731927314.4933667,12
1731927314.5076213,12
1731927314.5195515,13
1731927314.5361032,11
1731927314.5475435,11
1731927314.5592344,12
1731927314.574607,13
1731927314.5863597,11
1731927314.5992358,13
1731927314.612417,12
1731927314.6251898,11
1731927314.6379757,13
1731927314.654826,13
1731927314.6684678,11
1731927314.6826239,12
1731927314.6961677,13
1731927314.7099743,11
1731927314.7222667,13
1731927314.7377408,12
1731927314.7519922,13
1731927314.7693226,13
1731927314.780796,13
1731927314.7938528,12
1731927314.807134,13
1731927314.818567,12
1731927314.8354373,12
1731927314.848014,11
1731927314.8604102,13
1731927314.8760083,12
1731927314.8887131,12
1731927314.9043336,13
1731927314.9179533,12
1731927314.9291887,12
1731927314.9443138,12
1731927314.9568639,11
1731927314.9702282,12
1731927314.9815283,13
1731927314.9951334,12
1731927315.0088525,12
1731927315.0213892,12
1731927315.0368633,11
1731927315.0492778,13
1731927315.0608475,12
1731927315.0746174,12
1731927315.0896733,12
1731927315.1049397,11
1731927315.1199377,13
1731927315.138589,12
1731927315.1520746,12
1731927315.166953,12
1731927315.1796985,11
1731927315.1917975,11
1731927315.2046452,13
1731927315.21859,11
1731927315.231751,12
1731927315.2432415,13
1731927315.2569218,12
1731927315.2715318,12
1731927315.2829623,12
1731927315.2948406,12
1731927315.307856,12
1731927315.320448,13
1731927315.3367195,13
1731927315.3520017,12
1731927315.3636205,12
1731927315.3752778,12
1731927315.3881032,11
1731927315.4028025,11
1731927315.4144475,12
1731927315.4258873,12
1731927315.4406276,12
1731927315.4539964,11
1731927315.4716527,12
1731927315.4838529,12
1731927315.4952335,13
1731927315.5087125,12
1731927315.5259612,12
1731927315.5450304,12
1731927315.5585837,13
1731927315.574848,13
1731927315.5895653,13
1731927315.6040237,13
1731927315.616067,12
1731927315.6275034,12
1731927315.640132,11
1731927315.653363,12
1731927315.6664305,12
1731927315.6778996,12
1731927315.6920543,12
1731927315.7065737,12
1731927315.7240038,12
1731927315.7379625,13
1731927315.752013,13
1731927315.7693093,13
1731927315.7835526,13
1731927315.797795,13
1731927315.8096144,11
1731927315.824016,12
1731927315.8400366,12
1731927315.8561232,13
1731927315.8703525,13
1731927315.8824704,13
1731927315.8954484,12
1731927315.9077501,12
1731927315.9196947,12
1731927315.935866,13
1731927315.9481237,13
1731927315.9604182,13
1731927315.9752777,13
1731927315.988475,12
1731927316.0049913,13
1731927316.019199,13
1731927316.0328324,11
1731927316.0459087,12
1731927316.0577397,12
1731927316.069625,13
1731927316.0810692,13
1731927316.0952024,12
1731927316.1082227,13
1731927316.1208055,12
1731927316.1351902,13
1731927316.1478403,12
1731927316.160093,12
1731927316.1744528,12
1731927316.1883664,13
1731927316.203681,12
1731927316.2199302,13
1731927316.236762,13
1731927316.2495823,12
1731927316.2608654,13
1731927316.273058,13
1731927316.2870684,12
1731927316.2999656,13
1731927316.3136075,11
1731927316.3269684,12
1731927316.3399904,12
1731927316.3540657,12
1731927316.372185,13
1731927316.391645,13
1731927316.4101796,12
1731927316.421577,12
1731927316.435067,11
1731927316.4497726,13
1731927316.4629207,12
1731927316.4757621,12
1731927316.48895,13
1731927316.5046506,11
1731927316.51765,13
1731927316.5301757,12
1731927316.5418813,11
1731927316.5552695,12
1731927316.5726616,11
1731927316.5870056,12
1731927316.602285,13
1731927316.6140728,13
1731927316.626544,13
1731927316.639271,12
1731927316.6516387,12
1731927316.6630824,13
1731927316.6765447,12
1731927316.689793,13
1731927316.7044961,12
1731927316.7175064,12
1731927316.7330189,13
1731927316.746263,12
1731927316.7601748,13
1731927316.7740924,11
1731927316.7862227,13
1731927316.8010683,12
1731927316.8148863,12
1731927316.8288667,12
1731927316.8419034,11
1731927316.854456,13
1731927316.8734176,13
1731927316.8897414,12
1731927316.9080634,12
1731927316.9236965,12
1731927316.9619658,12
1731927316.978905,12
