1731935356.420315,0
1731935356.443098,0
1731935356.4640315,0
1731935356.4766803,0
1731935356.4910812,0
1731935356.5044053,0
1731935356.5162315,0
1731935356.5288506,0
1731935356.5420666,0
1731935356.5562944,0
1731935356.5707963,0
1731935356.5843356,0
1731935356.5979338,0
1731935356.6096487,0
1731935356.6222317,0
1731935356.63445,0
1731935356.6464865,0
1731935356.6595516,0
1731935356.671502,0
1731935356.6830277,0
1731935356.6946952,0
1731935356.7103367,0
1731935356.7239463,0
1731935356.7362611,0
1731935356.7479248,0
1731935356.7595325,0
1731935356.7711625,0
1731935356.7843182,0
1731935356.7960877,0
1731935356.8097389,0
1731935356.8222275,0
1731935356.835918,0
1731935356.8508964,0
1731935356.8634076,0
1731935356.8754168,0
1731935356.888295,0
1731935356.9015865,0
1731935356.913504,0
1731935356.9248166,0
1731935356.936603,0
1731935356.9485636,0
1731935356.96271,0
1731935356.976361,0
1731935356.9902182,0
1731935357.0041964,0
1731935357.018042,0
1731935357.0310633,0
1731935357.0454166,0
1731935357.0582383,0
1731935357.0707476,0
1731935357.083063,0
1731935357.0945067,0
1731935357.1065397,0
1731935357.1184745,0
1731935357.1298327,0
1731935357.1430333,0
1731935357.155755,0
1731935357.1681688,0
1731935357.1800253,0
1731935357.1931932,0
1731935357.2052305,0
1731935357.2186022,0
1731935357.2306037,0
1731935357.242762,0
1731935357.2543137,0
1731935357.2660913,0
1731935357.278285,0
1731935357.2902105,0
1731935357.3048022,0
1731935357.319015,0
1731935357.3322797,0
1731935357.3442755,0
1731935357.3566442,0
1731935357.3694398,0
1731935357.3813746,0
1731935357.3930829,0
1731935357.404621,0
1731935357.4167984,0
1731935357.4285889,0
1731935357.441313,0
1731935357.4533873,0
1731935357.4662876,0
1731935357.4885042,1
1731935357.5051224,7
1731935357.5200274,8
1731935357.5356574,4
1731935357.5481193,8
1731935357.5597284,4
1731935357.5715759,5
1731935357.5835893,5
1731935357.59782,4
1731935357.6107855,4
1731935357.6231675,5
1731935357.6357865,7
1731935357.6471055,3
1731935357.6584172,5
1731935357.6705441,5
1731935357.6823394,4
1731935357.6941698,5
1731935357.7079895,4
1731935357.7201943,4
1731935357.732529,4
1731935357.7442312,6
1731935357.7558107,5
1731935357.769376,4
1731935357.78104,4
1731935357.7943401,5
1731935357.806576,6
1731935357.8181193,2
1731935357.830868,4
1731935357.843898,4
1731935357.8558748,5
1731935357.8693118,2
1731935357.8827603,4
1731935357.895056,5
1731935357.90763,5
1731935357.9196274,5
1731935357.9316263,5
1731935357.9433749,5
1731935357.9552639,4
1731935357.969804,4
1731935357.9812868,4
1731935357.9929965,5
1731935358.0055156,4
1731935358.0190947,5
1731935358.0318635,4
1731935358.0454967,4
1731935358.0572453,5
1731935358.0690067,5
1731935358.0805724,2
1731935358.092519,5
1731935358.1060102,5
1731935358.1190858,4
1731935358.1335223,4
1731935358.1449425,4
1731935358.157688,4
1731935358.172264,5
1731935358.1854126,6
1731935358.1974099,5
1731935358.2092316,5
1731935358.2206686,6
1731935358.2327042,5
1731935358.2445168,4
1731935358.2565415,6
1731935358.27033,7
1731935358.2826567,7
1731935358.2946095,2
1731935358.3063898,7
1731935358.3184752,7
1731935358.329737,7
1731935358.341919,6
1731935358.3544853,7
1731935358.367311,5
1731935358.3792064,6
1731935358.3909163,4
1731935358.4039834,5
1731935358.4169867,6
1731935358.428988,6
1731935358.4409926,7
1731935358.4536119,9
1731935358.4670453,7
1731935358.4787147,4
1731935358.4907475,7
1731935358.5026023,6
1731935358.5142066,8
1731935358.5259192,8
1731935358.5376499,5
1731935358.5501618,5
1731935358.5623078,6
1731935358.5757418,4
1731935358.5881033,5
1731935358.6010914,8
1731935358.613908,7
1731935358.625953,7
1731935358.6376321,8
1731935358.6489463,4
1731935358.6606057,6
1731935358.6722548,8
1731935358.6847136,7
1731935358.69676,6
1731935358.7093465,5
1731935358.722274,7
1731935358.7353816,7
1731935358.748796,5
1731935358.762114,8
1731935358.775189,7
1731935358.7890046,9
1731935358.801587,4
1731935358.8138285,6
1731935358.826108,7
1731935358.8382552,5
1731935358.8533077,9
1731935358.8664505,8
1731935358.8788247,6
1731935358.8901796,4
1731935358.90165,5
1731935358.913259,6
1731935358.924975,6
1731935358.9370368,7
1731935358.9491262,4
1731935358.9618552,6
1731935358.9748998,6
1731935358.9879835,6
1731935359.001354,6
1731935359.0133872,5
1731935359.0264633,5
1731935359.0382717,5
1731935359.0499735,5
1731935359.0615218,5
1731935359.0733044,8
1731935359.085151,4
1731935359.0975988,3
1731935359.1097286,6
1731935359.121407,5
1731935359.134255,6
1731935359.146549,4
1731935359.1586018,5
1731935359.170243,5
1731935359.1818442,5
1731935359.1931796,5
1731935359.206933,6
1731935359.2192597,3
1731935359.230651,7
1731935359.2427342,5
1731935359.2572362,5
1731935359.2713432,4
1731935359.2833874,6
1731935359.2956145,6
1731935359.308862,6
1731935359.3207483,4
1731935359.3328896,5
1731935359.3447008,5
1731935359.3573475,5
1731935359.3743794,7
1731935359.3891952,4
1731935359.4026787,4
1731935359.4148743,5
1731935359.4264984,5
1731935359.4391732,4
1731935359.4511678,4
1731935359.4628117,4
1731935359.4748356,5
1731935359.4867043,5
1731935359.498716,4
1731935359.5122788,5
1731935359.5253956,5
1731935359.5399084,4
1731935359.5547323,3
1731935359.567541,5
1731935359.58023,4
1731935359.593279,6
1731935359.6059415,5
1731935359.6183681,5
1731935359.6301105,4
1731935359.6417844,4
1731935359.6535022,5
1731935359.6664586,4
1731935359.6813254,5
1731935359.6929889,4
1731935359.707484,5
1731935359.7191198,5
1731935359.730971,3
1731935359.743113,3
1731935359.7552083,5
1731935359.7670755,4
1731935359.77967,6
1731935359.7933373,7
1731935359.8072114,3
1731935359.8186538,4
1731935359.8305256,5
1731935359.8425481,5
1731935359.854331,4
1731935359.868316,4
1731935359.8804238,4
1731935359.8922174,4
1731935359.903795,4
1731935359.9153943,4
1731935359.9270196,4
1731935359.9390955,4
1731935359.952754,5
1731935359.965697,5
1731935359.9771297,6
1731935359.9885864,3
1731935360.001773,4
1731935360.014366,3
1731935360.0258582,4
1731935360.0376809,5
1731935360.0495644,5
1731935360.0609705,4
1731935360.0730464,5
1731935360.0850353,5
1731935360.0967555,3
1731935360.1084967,4
1731935360.1208327,5
1731935360.1339755,4
1731935360.1469262,6
1731935360.1598742,4
1731935360.171882,4
1731935360.1842537,5
1731935360.1958234,3
1731935360.207806,4
1731935360.2193253,3
1731935360.2310367,4
1731935360.243982,4
1731935360.2555733,4
1731935360.270134,4
1731935360.283434,3
1731935360.295371,5
1731935360.3077302,4
1731935360.3191333,5
1731935360.3315177,4
1731935360.3429801,4
1731935360.3552682,4
1731935360.3670285,5
1731935360.378544,4
1731935360.3904092,4
1731935360.4022563,4
1731935360.4141753,4
1731935360.427421,4
1731935360.439567,3
1731935360.4514902,4
1731935360.46341,4
1731935360.476446,4
1731935360.4898167,4
1731935360.5027115,5
1731935360.516011,5
1731935360.5281847,4
1731935360.5406387,4
1731935360.5523565,5
1731935360.5659635,5
1731935360.5783916,4
1731935360.5901859,6
1731935360.602332,5
1731935360.6140313,4
1731935360.625617,4
1731935360.638168,3
1731935360.6514297,4
1731935360.6656375,4
1731935360.6783962,4
1731935360.6922336,4
1731935360.7051585,5
1731935360.7169702,29
1731935360.7285821,4
1731935360.740693,5
1731935360.7524087,4
1731935360.7651112,4
1731935360.7770562,4
1731935360.789422,4
1731935360.8022933,4
1731935360.8136582,4
1731935360.8258367,5
1731935360.8387105,4
1731935360.8508325,4
1731935360.8626468,5
1731935360.874622,3
1731935360.8868935,3
1731935360.899417,3
1731935360.9109046,5
1731935360.9225345,4
1731935360.934617,4
1731935360.9463952,4
1731935360.958281,4
1731935360.9706564,52
1731935360.9827764,5
1731935360.994605,4
1731935361.0065117,4
1731935361.0185266,5
1731935361.0304427,4
1731935361.0424197,4
1731935361.054251,6
1731935361.0663671,4
1731935361.0788252,3
1731935361.090364,5
1731935361.1053843,3
1731935361.1191566,6
1731935361.1325436,2
1731935361.1454146,4
1731935361.1586757,4
1731935361.1709037,4
1731935361.1831064,4
1731935361.194695,5
1731935361.2091584,4
1731935361.2231092,3
1731935361.2384095,8
1731935361.2517323,3
1731935361.26588,4
1731935361.2819602,5
1731935361.2950957,5
1731935361.3083544,5
1731935361.3214638,6
1731935361.3343618,5
1731935361.3467488,2
1731935361.358505,5
1731935361.370224,4
1731935361.3816211,4
1731935361.392989,5
1731935361.4052837,4
1731935361.4168096,5
1731935361.4284155,5
1731935361.4406009,3
1731935361.4526832,8
1731935361.4667506,4
1731935361.4785223,5
1731935361.4901948,4
1731935361.5020812,4
1731935361.5147226,5
1731935361.5278273,6
1731935361.5393255,6
1731935361.552617,3
1731935361.5659552,3
1731935361.5775628,4
1731935361.5888767,5
1731935361.6005173,5
1731935361.6121068,4
1731935361.6253312,5
1731935361.6390884,5
1731935361.6518147,3
1731935361.6644652,4
1731935361.676518,5
1731935361.6888378,4
1731935361.7009358,4
1731935361.7138944,5
1731935361.72606,4
1731935361.7383873,17
1731935361.750131,3
1731935361.7614062,4
1731935361.7736168,4
1731935361.7853532,4
1731935361.798371,4
1731935361.810577,5
1731935361.8256476,4
1731935361.837407,4
1731935361.8492305,5
1731935361.8606484,4
1731935361.8729024,4
1731935361.8848507,3
1731935361.8963933,5
1731935361.9086807,4
1731935361.9213884,4
1731935361.9343452,6
1731935361.95043,3
1731935361.96622,3
1731935361.9786806,4
1731935361.990422,43
1731935362.0024495,5
1731935362.0137098,5
1731935362.0250623,5
1731935362.0368237,3
1731935362.0484786,5
1731935362.0602958,3
1731935362.0720646,4
1731935362.0848815,4
1731935362.0982766,4
1731935362.1106553,5
1731935362.1220822,5
1731935362.133571,3
1731935362.1452196,5
1731935362.1577227,4
1731935362.1714501,3
1731935362.184527,4
1731935362.1963897,4
1731935362.208021,4
1731935362.219686,5
1731935362.2316043,4
1731935362.2430468,5
1731935362.2556655,3
1731935362.270291,5
1731935362.2822216,4
1731935362.2934608,4
1731935362.305199,4
1731935362.3168702,5
1731935362.3284924,4
1731935362.340409,4
1731935362.3524783,3
1731935362.3651752,4
1731935362.3783526,6
1731935362.390642,2
1731935362.4028091,4
1731935362.414355,4
1731935362.425832,5
1731935362.4377148,5
1731935362.449771,6
1731935362.4612834,3
1731935362.4735503,5
1731935362.48538,3
1731935362.4971132,7
1731935362.5090263,6
1731935362.5215394,5
1731935362.5335846,3
1731935362.5449607,5
1731935362.556376,5
1731935362.568371,4
1731935362.5807385,4
1731935362.5928214,5
1731935362.6054947,8
1731935362.6171784,6
1731935362.6289687,4
1731935362.640537,3
1731935362.6528056,4
1731935362.6655383,6
1731935362.6794589,5
1731935362.6922412,5
1731935362.705309,4
1731935362.717685,4
1731935362.7289648,5
1731935362.7409964,5
1731935362.7528214,4
1731935362.766063,4
1731935362.7788403,3
1731935362.7923932,3
1731935362.80741,4
1731935362.8206818,7
1731935362.8334312,4
1731935362.8462715,3
1731935362.8594832,3
1731935362.8722255,4
1731935362.8852148,5
1731935362.8998735,3
1731935362.9133677,4
1731935362.9253154,4
1731935362.9378266,4
1731935362.9502459,4
1731935362.9636548,5
1731935362.9760253,4
1731935362.9877856,4
1731935362.9999204,4
1731935363.0127332,22
1731935363.0248823,4
1731935363.0379517,5
1731935363.050142,3
1731935363.0620642,4
1731935363.0740402,4
1731935363.086025,4
1731935363.0978692,7
1731935363.1106775,4
1731935363.1225765,5
1731935363.1351414,3
1731935363.1480784,5
1731935363.1607575,5
1731935363.1764297,4
1731935363.1895697,3
1731935363.2020545,5
1731935363.214141,5
1731935363.2260194,3
1731935363.2378168,5
1731935363.2500234,4
1731935363.262329,5
1731935363.2757974,3
1731935363.2876322,5
1731935363.3008757,4
1731935363.3130732,4
1731935363.324999,3
1731935363.337597,4
1731935363.3511612,4
1731935363.3647459,5
1731935363.3773723,6
1731935363.3902957,8
1731935363.4030333,2
1731935363.4170532,4
1731935363.4339013,5
1731935363.4465768,3
1731935363.4590673,4
1731935363.4729624,6
1731935363.4865897,5
1731935363.4989092,4
1731935363.5107794,3
1731935363.5223076,4
1731935363.5340247,4
1731935363.5468557,4
1731935363.5599873,4
1731935363.5727267,6
1731935363.5857356,4
1731935363.5971744,4
1731935363.6089945,4
1731935363.6208706,4
1731935363.6336381,5
1731935363.6459577,5
1731935363.6589057,5
1731935363.6724327,5
1731935363.684319,4
1731935363.6957734,3
1731935363.7075453,4
1731935363.7191503,4
1731935363.7309616,4
1731935363.7452905,6
1731935363.7594695,3
1731935363.7770126,5
1731935363.790047,3
1731935363.8044343,3
1731935363.8227484,5
1731935363.8381796,3
1731935363.8532145,7
1731935363.8676696,4
1731935363.8790624,3
1731935363.8903673,5
1731935363.90213,4
1731935363.9135418,5
1731935363.925157,4
1731935363.9414337,4
1731935363.9540439,4
1731935363.9674177,4
1731935363.9798388,4
1731935363.993242,3
1731935364.0055273,4
1731935364.016927,4
1731935364.028199,5
1731935364.0397444,2
1731935364.0530274,5
1731935364.0669909,4
1731935364.0788062,4
1731935364.0901995,3
1731935364.1034765,3
1731935364.1184707,4
1731935364.1324906,3
1731935364.1443603,4
1731935364.1561353,4
1731935364.1706777,5
1731935364.1841128,4
1731935364.1980112,4
1731935364.209775,3
1731935364.2213898,4
1731935364.2336693,4
1731935364.246835,7
1731935364.257996,3
1731935364.269279,4
1731935364.2846205,5
1731935364.2973154,5
1731935364.3102021,4
1731935364.3231876,3
1731935364.3357913,4
1731935364.3475547,4
1731935364.3595014,5
1731935364.3738534,5
1731935364.3885427,6
1731935364.4039457,4
1731935364.418345,4
1731935364.4303548,4
1731935364.4418607,3
1731935364.453531,4
1731935364.465632,5
1731935364.478054,5
1731935364.4895492,4
1731935364.5049603,5
1731935364.5204115,4
1731935364.5337555,4
1731935364.5480702,5
1731935364.5603278,3
1731935364.5728736,5
1731935364.585122,4
1731935364.5978546,4
1731935364.6099784,4
1731935364.6216307,5
1731935364.6334903,3
1731935364.6478624,4
1731935364.6603441,4
1731935364.6767812,3
1731935364.69117,4
1731935364.7081537,5
1731935364.7214446,5
1731935364.7361062,4
1731935364.750129,5
1731935364.7620232,5
1731935364.7750895,4
1731935364.788223,4
1731935364.8009007,3
1731935364.8135235,4
1731935364.8262994,4
1731935364.8400106,4
1731935364.851916,4
1731935364.8646402,5
1731935364.8768256,3
1731935364.8883433,3
1731935364.9009326,4
1731935364.9145896,4
1731935364.9266112,3
1731935364.9409492,4
1731935364.9523504,5
1731935364.9643483,4
1731935364.9762268,3
1731935364.9885187,4
1731935365.000265,3
1731935365.0119488,5
1731935365.0233817,2
1731935365.034955,3
1731935365.046965,4
1731935365.0585146,4
1731935365.070389,4
1731935365.0829415,4
1731935365.0947907,4
1731935365.1070175,5
1731935365.1187027,4
1731935365.1307416,3
1731935365.1424289,3
1731935365.1540952,5
1731935365.1670542,5
1731935365.1812015,3
1731935365.1940408,4
1731935365.207539,7
1731935365.2204337,4
1731935365.2350547,3
1731935365.248305,5
1731935365.2604246,4
1731935365.272506,5
1731935365.2841349,5
1731935365.2955394,5
1731935365.308003,3
1731935365.3214343,4
1731935365.333128,4
1731935365.3448396,4
1731935365.3574638,5
1731935365.3707254,4
1731935365.3836102,5
1731935365.3950353,4
1731935365.4070601,4
1731935365.418785,4
1731935365.4302745,4
1731935365.4419463,3
1731935365.4535544,4
1731935365.4668586,5
1731935365.478347,4
1731935365.4909387,3
1731935365.5027413,8
1731935365.5142915,5
1731935365.5261557,5
1731935365.5389154,3
1731935365.5511127,4
1731935365.562547,3
1731935365.5752897,4
1731935365.5892444,4
1731935365.602383,7
1731935365.6162806,6
1731935365.6304407,5
1731935365.642487,7
1731935365.655578,5
1731935365.6686716,4
1731935365.6822467,3
1731935365.6942294,4
1731935365.7070498,5
1731935365.7194927,7
1731935365.7319307,7
1731935365.7444727,4
1731935365.7564316,4
1731935365.7687087,5
1731935365.7814698,4
1731935365.7933269,4
1731935365.808319,5
1731935365.8222847,5
1731935365.8375912,5
1731935365.8506038,4
1731935365.8643084,5
1731935365.876959,3
1731935365.8893535,3
1731935365.9025362,4
1731935365.9143667,5
1731935365.9256723,6
1731935365.9375577,6
1731935365.9491086,3
1731935365.9604561,4
1731935365.9724827,4
1731935365.9842093,3
1731935365.9973924,4
1731935366.012734,2
1731935366.0291111,5
1731935366.0432773,4
1731935366.0580285,4
1731935366.0701118,5
1731935366.0816994,5
1731935366.093271,5
1731935366.105903,3
1731935366.1203327,4
1731935366.1353714,4
1731935366.1505857,4
1731935366.1657512,2
1731935366.1805685,3
1731935366.1946678,4
1731935366.2107978,5
1731935366.2222857,4
1731935366.2344077,5
1731935366.2461882,5
1731935366.2578487,3
1731935366.2695243,4
1731935366.2818277,3
1731935366.293639,4
1731935366.3068378,6
1731935366.3191824,5
1731935366.3318746,4
1731935366.344215,4
1731935366.3568761,4
1731935366.3684635,4
1731935366.3812504,3
1731935366.392637,3
1731935366.40558,4
1731935366.4175663,4
1731935366.42936,5
1731935366.4412081,5
1731935366.453392,3
1731935366.4662313,5
1731935366.4779766,4
1731935366.4917622,5
1731935366.507886,3
1731935366.5201018,5
1731935366.5339944,4
1731935366.5474439,3
1731935366.5606194,4
1731935366.5732415,4
1731935366.5863142,5
1731935366.6010394,3
1731935366.6128912,3
1731935366.6241608,4
1731935366.635908,4
1731935366.6486554,5
1731935366.6608489,3
1731935366.6741803,5
1731935366.6881704,4
1731935366.7046232,4
1731935366.7194521,3
1731935366.7322812,4
1731935366.7437751,4
1731935366.7554617,6
1731935366.7675257,3
1731935366.7797027,5
1731935366.7913034,4
1731935366.8027768,4
1731935366.8145483,5
1731935366.8267646,6
1731935366.8400474,4
1731935366.8535717,3
1731935366.8665245,4
1731935366.8784986,4
1731935366.890074,5
1731935366.901622,4
1731935366.9148097,5
1731935366.928843,4
1731935366.941584,2
1731935366.953349,3
1731935366.9658375,5
1731935366.9772098,3
1731935366.9887378,5
1731935367.0011013,6
1731935367.0131023,4
1731935367.024872,5
1731935367.0372157,4
1731935367.050337,5
1731935367.062547,5
1731935367.075906,5
1731935367.088054,4
1731935367.099775,3
1731935367.1123474,5
1731935367.1240377,4
1731935367.1361568,3
1731935367.1486857,4
1731935367.1615655,5
1731935367.1733155,3
1731935367.1862335,4
1731935367.2000368,4
1731935367.2120156,3
1731935367.223851,3
1731935367.23563,4
1731935367.2480063,4
1731935367.2596273,4
1731935367.2723372,4
1731935367.2839127,4
1731935367.2953176,3
1731935367.3072484,4
1731935367.3194284,5
1731935367.3330016,6
1731935367.3454363,4
1731935367.357805,3
1731935367.3705528,4
1731935367.3824563,5
1731935367.3938656,3
1731935367.408354,5
1731935367.4229808,4
1731935367.4388645,4
1731935367.4513426,4
1731935367.462953,3
1731935367.475275,5
1731935367.488009,4
1731935367.5016065,4
1731935367.514956,5
1731935367.5267417,3
1731935367.5400567,4
1731935367.5547879,2
1731935367.5666835,5
1731935367.5782373,6
1731935367.5898867,4
1731935367.6025128,5
1731935367.6142268,3
1731935367.6255653,4
1731935367.6378512,4
1731935367.6502135,4
1731935367.6620343,4
1731935367.6741948,2
1731935367.68686,4
1731935367.698754,5
1731935367.7105272,5
1731935367.7222712,5
1731935367.7361844,4
1731935367.747896,4
1731935367.761545,4
1731935367.7746136,6
1731935367.7876487,4
1731935367.8003142,5
1731935367.8129046,5
1731935367.8243825,3
1731935367.8359063,4
1731935367.8475478,3
1731935367.8587372,4
1731935367.8739343,4
1731935367.8853595,6
1731935367.8969958,5
1731935367.9087932,3
1731935367.920134,7
1731935367.9328706,8
1731935367.9451377,5
1731935367.956633,5
1731935367.969322,4
1731935367.9816368,5
1731935367.993668,4
1731935368.00553,5
1731935368.0176365,6
1731935368.030033,5
1731935368.0415733,3
1731935368.0531502,5
1731935368.0679522,5
1731935368.083063,5
1731935368.0947602,3
1731935368.1066303,3
1731935368.118012,5
1731935368.129692,3
1731935368.1410859,4
1731935368.1524608,3
1731935368.1643887,4
1731935368.1759741,4
1731935368.1880057,4
1731935368.199892,4
1731935368.2133977,4
1731935368.2266812,3
1731935368.241352,5
1731935368.2527113,5
1731935368.2649205,3
1731935368.2767715,4
1731935368.2895296,5
1731935368.3026273,5
1731935368.3168714,4
1731935368.3360236,4
1731935368.3501155,4
1731935368.362589,4
1731935368.3755937,5
1731935368.3875732,4
1731935368.4000208,7
1731935368.4115157,2
1731935368.4234734,4
1731935368.4357626,4
1731935368.448782,5
1731935368.4604707,3
1731935368.4794855,6
1731935368.4907417,4
1731935368.5024576,2
1731935368.5140371,4
1731935368.5260124,4
1731935368.5401423,5
1731935368.5537908,3
1731935368.5664282,5
1731935368.577851,3
1731935368.5895803,5
1731935368.6019115,6
1731935368.6143005,3
1731935368.6272197,4
1731935368.6398382,6
1731935368.6553571,4
1731935368.6689808,4
1731935368.681155,4
1731935368.6927824,4
1731935368.704714,3
1731935368.7182515,4
1731935368.7299309,4
1731935368.7412984,5
1731935368.7532709,3
1731935368.7674577,4
1731935368.7864554,3
1731935368.7990494,5
1731935368.8104987,5
1731935368.8218358,4
1731935368.8337595,4
1731935368.845389,4
1731935368.8567307,5
1731935368.8681653,5
1731935368.8800168,4
1731935368.8912091,4
1731935368.9044256,4
1731935368.9173017,4
1731935368.9293137,4
1731935368.9409792,4
1731935368.9525836,5
1731935368.9648664,3
1731935368.9766743,4
1731935368.9883776,6
1731935369.0004172,2
1731935369.0119622,5
1731935369.0237303,3
1731935369.0369084,3
1731935369.0496156,3
1731935369.0617962,4
1731935369.0735989,5
1731935369.0864196,4
1731935369.099968,3
1731935369.114121,4
1731935369.1281044,3
1731935369.1423814,4
1731935369.1565394,4
1731935369.1691978,5
1731935369.1824398,5
1731935369.1964154,4
1731935369.2079856,5
1731935369.219617,5
1731935369.2311902,2
1731935369.2430608,6
1731935369.2547233,3
1731935369.266964,6
1731935369.278332,3
1731935369.2897005,3
1731935369.301628,5
1731935369.3132842,3
1731935369.3249962,3
1731935369.3387487,6
1731935369.351134,4
1731935369.3640516,3
1731935369.3776338,4
1731935369.390157,3
1731935369.40231,4
1731935369.4177134,4
1731935369.4291787,5
1731935369.440767,3
1731935369.4522083,5
1731935369.464436,4
1731935369.477519,3
1731935369.490177,4
1731935369.502963,5
1731935369.5149734,4
1731935369.5271204,3
1731935369.539305,4
1731935369.5509663,3
1731935369.5622938,5
1731935369.5743346,4
1731935369.5899088,5
1731935369.6040564,5
1731935369.6166015,4
1731935369.6299877,4
1731935369.6425385,5
1731935369.6546018,5
1731935369.6678884,3
1731935369.6809814,4
1731935369.69286,4
1731935369.7054782,3
1731935369.717135,4
1731935369.7296135,4
1731935369.7450693,5
1731935369.756832,3
1731935369.7699673,3
1731935369.7817156,4
1731935369.79345,5
1731935369.8060207,4
1731935369.8179076,5
1731935369.8306093,5
1731935369.8420386,4
1731935369.8533719,4
1731935369.8654706,3
1731935369.8779123,4
1731935369.8926325,4
1731935369.910501,4
