1731930929.2083678,0
1731930929.2228107,0
1731930929.2373154,0
1731930929.2547476,0
1731930929.2715056,0
1731930929.2864888,0
1731930929.3039997,0
1731930929.3168583,0
1731930929.3291974,0
1731930929.3458138,0
1731930929.364714,0
1731930929.3778987,0
1731930929.3898387,0
1731930929.404166,0
1731930929.4165463,0
1731930929.4298296,0
1731930929.4459393,0
1731930929.4588456,0
1731930929.4753752,0
1731930929.4891732,0
1731930929.5010366,0
1731930929.5145988,0
1731930929.5279691,0
1731930929.5449646,0
1731930929.5570595,0
1731930929.5688622,0
1731930929.5817595,0
1731930929.5957222,0
1731930929.607688,0
1731930929.619798,0
1731930929.631373,0
1731930929.646134,0
1731930929.6583736,0
1731930929.66989,0
1731930929.6822357,0
1731930929.6961102,0
1731930929.7104003,0
1731930929.7260358,0
1731930929.73937,0
1731930929.7558146,0
1731930929.7687209,0
1731930929.7820065,0
1731930929.79803,0
1731930929.8111374,0
1731930929.829094,0
1731930929.844021,0
1731930929.858911,0
1731930929.8744383,0
1731930929.8899553,0
1731930929.9074328,0
1731930929.9197235,0
1731930929.9314997,0
1731930929.9514537,0
1731930929.9687746,0
1731930929.9815035,0
1731930929.9993715,0
1731930930.0137935,0
1731930930.0323215,0
1731930930.0449908,0
1731930930.058941,0
1731930930.0713851,0
1731930930.0830464,0
1731930930.0953171,0
1731930930.1101537,0
1731930930.12374,0
1731930930.135599,0
1731930930.1487455,0
1731930930.161308,0
1731930930.1749382,0
1731930930.1919355,0
1731930930.2037055,0
1731930930.216915,0
1731930930.2487051,0
1731930930.2669694,1
1731930930.2880342,11
1731930930.3034549,14
1731930930.31946,14
1731930930.337914,15
1731930930.353512,19
1731930930.373103,21
1731930930.385683,23
1731930930.403716,20
1731930930.41974,30
1731930930.4356005,38
1731930930.4485989,46
1731930930.4611168,52
1731930930.478157,60
1731930930.4909933,58
1731930930.509789,57
1731930930.5285594,57
1731930930.5527823,57
1731930930.5795681,56
1731930930.6023827,57
1731930930.617283,55
1731930930.632958,56
1731930930.6448588,56
1731930930.662229,55
1731930930.6815908,55
1731930930.6942937,55
1731930930.7075024,56
1731930930.7263587,55
1731930930.7456436,53
1731930930.7643113,54
1731930930.7784574,54
1731930930.7921827,55
1731930930.8093712,54
1731930930.8276727,54
1731930930.8443077,53
1731930930.8588963,53
1731930930.875683,53
1731930930.8903491,52
1731930930.9101026,51
1731930930.9268754,51
1731930930.9416273,51
1731930930.9561617,51
1731930930.9708192,50
1731930930.985594,52
1731930931.0011644,51
1731930931.019595,52
1731930931.0334733,50
1731930931.0500405,50
1731930931.0620801,50
1731930931.0910127,50
1731930931.1157799,49
1731930931.1329663,49
1731930931.1563418,49
1731930931.1760433,48
1731930931.2065172,49
1731930931.2249825,47
1731930931.2431798,47
1731930931.2607214,47
1731930931.2781317,47
1731930931.2956505,48
1731930931.3135476,47
1731930931.3303463,47
1731930931.3473415,46
1731930931.365211,46
1731930931.3768656,45
1731930931.393357,45
1731930931.4096944,46
1731930931.4284637,44
1731930931.4476216,44
1731930931.4631388,45
1731930931.4759727,44
1731930931.4911678,44
1731930931.5166695,44
1731930931.530233,42
1731930931.546711,43
1731930931.564032,43
1731930931.5772886,42
1731930931.5893526,43
1731930931.6047227,42
1731930931.6196046,42
1731930931.632836,42
1731930931.649297,42
1731930931.6627278,41
1731930931.6797748,41
1731930931.6979744,41
1731930931.7123888,41
1731930931.729768,41
1731930931.7431936,40
1731930931.7608936,40
1731930931.7811666,38
1731930931.7984524,39
1731930931.8125823,39
1731930931.8269138,39
1731930931.8438172,39
1731930931.8621204,38
1731930931.8741379,36
1731930931.8895988,38
1731930931.9056106,37
1731930931.9223275,37
1731930931.9407344,35
1731930931.9598024,37
1731930931.976416,37
1731930931.995204,35
1731930932.010808,36
1731930932.0306127,35
1731930932.049857,34
1731930932.0618036,34
1731930932.077323,34
1731930932.0935729,33
1731930932.1079836,33
1731930932.1234102,33
1731930932.1380055,32
1731930932.1510968,33
1731930932.1629326,33
1731930932.1807568,32
1731930932.1965616,30
1731930932.2102618,31
1731930932.2265913,32
1731930932.2427948,30
1731930932.2610693,30
1731930932.2746682,29
1731930932.2872868,29
1731930932.3075182,29
1731930932.324666,29
1731930932.344094,28
1731930932.3587093,27
1731930932.3721113,28
1731930932.387396,27
1731930932.4034288,28
1731930932.41692,26
1731930932.4287453,25
1731930932.4456918,26
1731930932.4581316,25
1731930932.470341,26
1731930932.4890952,25
1731930932.5015514,24
1731930932.5216448,25
1731930932.5416257,24
1731930932.559478,23
1731930932.5743983,23
1731930932.5992627,22
1731930932.6172976,20
1731930932.6306157,22
1731930932.6443877,21
1731930932.6618917,21
1731930932.6778266,20
1731930932.692191,21
1731930932.7050667,18
1731930932.7178605,20
1731930932.7302427,19
1731930932.7440479,17
1731930932.761953,18
1731930932.7849944,16
1731930932.801365,16
1731930932.8138173,16
1731930932.82633,16
1731930932.8439622,16
1731930932.8608983,14
1731930932.8836606,14
1731930932.9000413,13
1731930932.9169624,13
1731930932.9289777,12
1731930932.9488893,12
1731930932.9647362,13
1731930932.9794207,13
1731930933.01318,11
1731930933.0340347,11
1731930933.055612,12
1731930933.0699837,12
1731930933.0851126,12
1731930933.1028306,11
1731930933.122038,11
1731930933.13918,12
1731930933.1598306,12
1731930933.187989,13
1731930933.2056396,12
1731930933.2185602,11
1731930933.234609,12
1731930933.2491205,12
1731930933.2634132,12
1731930933.2798707,13
1731930933.2964022,12
1731930933.3133225,12
1731930933.3286855,13
1731930933.3458264,13
1731930933.3617537,12
1731930933.3839478,11
1731930933.408611,13
1731930933.4243202,12
1731930933.4443736,13
1731930933.4596024,13
1731930933.4719796,13
1731930933.4899814,11
1731930933.504145,12
1731930933.5249543,12
1731930933.5373003,12
1731930933.5519629,12
1731930933.5702271,13
1731930933.5855951,12
1731930933.60112,12
1731930933.6144252,13
1731930933.6265483,13
1731930933.649269,12
1731930933.6658802,13
1731930933.6830332,12
1731930933.6980097,12
1731930933.7241993,12
1731930933.7473903,13
1731930933.762993,13
1731930933.776896,17
1731930933.7934477,18
1731930933.8156157,13
1731930933.8397918,12
1731930933.8633785,12
1731930933.8927162,12
1731930933.9180017,13
1731930933.9310112,12
1731930933.9468791,13
1731930933.9591625,12
1731930933.9749718,12
1731930933.9880965,12
1731930934.0054955,12
1731930934.0212727,13
1731930934.0368903,13
1731930934.049295,12
1731930934.067277,13
1731930934.085663,12
1731930934.1010141,11
1731930934.118128,13
1731930934.1313934,12
1731930934.1446342,11
1731930934.1584024,12
1731930934.1730723,12
1731930934.1879761,11
1731930934.2034497,13
1731930934.217878,11
1731930934.2363398,12
1731930934.2509096,11
1731930934.2643588,13
1731930934.2816815,12
1731930934.299541,12
1731930934.3114052,12
1731930934.3269439,13
1731930934.3400407,12
1731930934.3594654,12
1731930934.3791718,12
1731930934.3987286,12
1731930934.418129,12
1731930934.431217,13
1731930934.4467204,12
1731930934.4603372,13
1731930934.4737842,12
1731930934.4888718,11
1731930934.5013778,13
1731930934.515233,11
1731930934.5276175,13
1731930934.542458,13
1731930934.5616682,11
1731930934.5792246,11
1731930934.5918624,12
1731930934.6083531,13
1731930934.6261344,12
1731930934.6437266,9
1731930934.6617055,13
1731930934.6813087,13
1731930934.6995282,14
1731930934.7272303,12
1731930934.7500238,12
1731930934.7727633,13
1731930934.7901683,13
1731930934.8051708,12
1731930934.817602,12
1731930934.83209,12
1731930934.8492458,12
1731930934.8622527,13
1731930934.8800118,12
1731930934.895988,13
1731930934.9140995,12
1731930934.9345517,12
1731930934.956744,13
1731930934.9690292,13
1731930934.9892545,12
1731930935.0163867,12
1731930935.0339785,12
1731930935.0555017,12
1731930935.069202,12
1731930935.1003408,13
1731930935.1281202,11
1731930935.1560974,13
1731930935.1714694,11
1731930935.188177,12
1731930935.2172108,12
1731930935.2302375,11
1731930935.2435215,12
1731930935.2605646,12
1731930935.2775068,13
1731930935.2896557,12
1731930935.3102648,13
1731930935.3370864,12
1731930935.3512404,13
1731930935.3639908,13
1731930935.3916507,12
1731930935.413143,12
1731930935.4282544,12
1731930935.450493,12
1731930935.4643617,12
1731930935.4766176,12
1731930935.4924576,11
1731930935.5050852,12
1731930935.5180173,12
1731930935.5350714,11
1731930935.556818,11
1731930935.5762186,11
1731930935.6080737,13
1731930935.6468542,14
1731930935.6772258,13
1731930935.6910849,12
1731930935.7092535,12
1731930935.7270966,13
1731930935.7444286,13
1731930935.75671,12
1731930935.7695816,12
1731930935.7860363,12
1731930935.7992933,13
1731930935.8148348,11
1731930935.8271735,12
1731930935.8448424,12
1731930935.86498,11
1731930935.887059,13
1731930935.9085965,13
1731930935.9222028,12
1731930935.9374135,12
1731930935.9499469,13
1731930935.96874,11
1731930935.9911644,13
1731930936.0078228,13
1731930936.0275877,13
1731930936.0402603,12
1731930936.056984,13
1731930936.0712554,13
1731930936.0877166,12
1731930936.1023932,13
1731930936.1155977,12
1731930936.1327379,12
1731930936.153333,12
1731930936.182249,13
1731930936.211062,11
1731930936.227255,12
1731930936.2427404,13
1731930936.2629044,12
1731930936.2797642,12
1731930936.2943978,12
1731930936.3121138,12
1731930936.3281503,13
1731930936.3560998,11
1731930936.3739505,13
1731930936.3946216,12
1731930936.4115682,12
1731930936.4284127,13
1731930936.4440684,13
1731930936.4571784,12
1731930936.4748921,11
1731930936.500478,11
1731930936.5230074,12
1731930936.5385954,13
1731930936.5538766,12
1731930936.572678,13
1731930936.5943625,13
1731930936.609756,12
1731930936.6240168,12
1731930936.6383154,12
1731930936.65718,13
1731930936.680092,12
1731930936.6944766,12
1731930936.71093,13
1731930936.7265735,12
1731930936.7439792,13
1731930936.759716,12
1731930936.7773058,12
1731930936.791804,12
1731930936.8216949,11
1731930936.845456,12
1731930936.8629105,12
1731930936.880184,13
1731930936.8985069,12
1731930936.914063,13
1731930936.928881,13
1731930936.9444785,12
1731930936.960453,13
1731930936.9804573,12
1731930937.0040717,13
1731930937.0219908,12
1731930937.0388248,12
1731930937.0576363,12
1731930937.0694137,12
1731930937.0840168,12
1731930937.0985606,12
1731930937.116252,12
1731930937.1300166,12
1731930937.1424649,12
1731930937.1563282,13
1731930937.1704288,13
1731930937.1873379,11
1731930937.2015622,11
1731930937.2195776,12
1731930937.2313097,13
1731930937.249501,12
1731930937.2633164,13
1731930937.2809954,12
1731930937.301021,11
1731930937.31847,13
1731930937.3310707,12
1731930937.3471336,12
1731930937.36321,12
1731930937.383416,11
1731930937.4017394,13
1731930937.4141636,12
1731930937.4281795,12
1731930937.4436498,12
1731930937.4591432,13
1731930937.4731886,13
1731930937.4857972,13
1731930937.505087,13
1731930937.5222726,13
1731930937.5430875,11
1731930937.5729597,13
1731930937.590606,12
1731930937.61099,12
1731930937.6247354,12
1731930937.6371014,12
1731930937.6521368,11
1731930937.6703894,12
1731930937.6843116,13
1731930937.6967525,13
1731930937.7085958,13
1731930937.7280223,13
1731930937.7473197,13
1731930937.7645886,13
1731930937.777376,12
1731930937.7925794,12
1731930937.8150902,13
1731930937.82695,13
1731930937.8407702,12
1731930937.856087,11
1731930937.8760183,13
1731930937.8938415,13
1731930937.9086905,12
1731930937.925987,11
1731930937.948999,12
1731930937.967954,13
1731930937.9912186,11
1731930938.009459,12
1731930938.029352,12
1731930938.0518248,12
1731930938.0691757,12
1731930938.0817072,14
1731930938.094363,13
1731930938.11131,13
1731930938.1300693,13
1731930938.1586199,12
1731930938.1745458,13
1731930938.1879215,12
1731930938.2031097,13
1731930938.2176936,13
1731930938.232238,12
1731930938.2500176,12
1731930938.263118,13
1731930938.2800586,13
1731930938.293925,11
1731930938.3082695,12
1731930938.3274515,13
1731930938.3482337,13
1731930938.3714259,12
1731930938.3836958,11
1731930938.3959394,11
1731930938.4116194,12
1731930938.4254081,13
1731930938.4441156,12
1731930938.4565825,13
1731930938.4692373,13
1731930938.4843926,12
1731930938.499279,12
1731930938.5159152,12
1731930938.5316844,11
1731930938.5462291,11
1731930938.5585394,13
1731930938.575468,12
1731930938.5882058,13
1731930938.604786,13
1731930938.6175394,12
1731930938.6298327,12
1731930938.6445236,12
1731930938.6615896,12
1731930938.6800063,13
1731930938.695583,12
1731930938.7127655,12
1731930938.7315154,12
1731930938.7445874,11
1731930938.7573357,13
1731930938.7709494,12
1731930938.7838368,11
1731930938.7955346,11
1731930938.8120546,12
1731930938.8271816,11
1731930938.8408754,12
1731930938.8548582,13
1731930938.8674045,12
1731930938.8817136,13
1731930938.8949015,12
1731930938.9113648,12
1731930938.926068,12
1731930938.939165,13
1731930938.9534655,12
1731930938.9697714,12
1731930938.9870083,11
1731930938.9989018,12
1731930939.014086,11
1731930939.0272634,12
1731930939.0431232,13
1731930939.0575566,13
1731930939.0695465,11
1731930939.0828629,12
1731930939.0958214,11
1731930939.1145914,13
1731930939.1377406,13
1731930939.16,12
1731930939.1817267,13
1731930939.2068303,12
1731930939.2284913,12
1731930939.2485042,11
1731930939.264942,12
1731930939.2803378,13
1731930939.2958167,13
1731930939.318747,11
1731930939.3321736,12
1731930939.3469408,12
1731930939.362825,11
1731930939.3752604,13
1731930939.3931124,12
1731930939.411987,12
1731930939.4294603,12
1731930939.4503045,13
1731930939.4672766,13
1731930939.4842374,13
1731930939.5030377,12
1731930939.5256276,13
1731930939.5427039,13
1731930939.5604677,12
1731930939.5748694,12
1731930939.5915399,12
1731930939.6038456,12
1731930939.6208549,12
1731930939.6413026,13
1731930939.6560125,11
1731930939.6735828,12
1731930939.689874,12
1731930939.7048988,13
1731930939.7241673,13
1731930939.7365584,12
1731930939.7536848,12
1731930939.7682083,13
1731930939.7849674,13
1731930939.796699,13
1731930939.811777,12
1731930939.8244166,12
1731930939.8367078,12
1731930939.854141,11
1731930939.8690965,13
1731930939.8857934,12
1731930939.9050217,13
1731930939.9171727,11
1731930939.9301777,13
1731930939.9451346,12
1731930939.9575565,12
1731930939.971357,13
1731930939.9857805,13
1731930939.9983442,12
1731930940.0138278,12
1731930940.02632,13
1731930940.0463433,13
1731930940.0652292,10
1731930940.0797882,11
1731930940.0990748,11
1731930940.1159406,13
1731930940.1290288,12
1731930940.1422362,11
1731930940.1625626,13
1731930940.187401,13
1731930940.2078636,12
1731930940.226317,12
1731930940.2522252,13
1731930940.2704637,12
1731930940.288501,13
1731930940.3131986,12
1731930940.3570738,13
1731930940.3812876,13
1731930940.3996594,11
1731930940.4210386,11
1731930940.4449625,12
1731930940.4614022,12
1731930940.4791486,12
1731930940.496409,13
