1731930929.2016385,0
1731930929.228836,0
1731930929.2426257,0
1731930929.2630847,0
1731930929.2791083,0
1731930929.295053,0
1731930929.3074555,0
1731930929.319792,0
1731930929.3344097,0
1731930929.348499,0
1731930929.3671281,0
1731930929.3812435,0
1731930929.394787,0
1731930929.4076822,0
1731930929.4196467,0
1731930929.4314532,0
1731930929.4452858,0
1731930929.4575512,0
1731930929.4713712,0
1731930929.4854472,0
1731930929.4977353,0
1731930929.510104,0
1731930929.5248647,0
1731930929.5371635,0
1731930929.5497618,0
1731930929.5613637,0
1731930929.576016,0
1731930929.5889773,0
1731930929.6038241,0
1731930929.6170273,0
1731930929.6303108,0
1731930929.6425743,0
1731930929.6569412,0
1731930929.6690617,0
1731930929.6818118,0
1731930929.6945875,0
1731930929.709111,0
1731930929.7225862,0
1731930929.7375767,0
1731930929.7588897,0
1731930929.7783976,0
1731930929.7907708,0
1731930929.8025606,0
1731930929.8160198,0
1731930929.8331668,0
1731930929.8538425,0
1731930929.8710005,0
1731930929.8897972,0
1731930929.9018934,0
1731930929.9136813,0
1731930929.9308069,0
1731930929.951201,0
1731930929.963175,0
1731930929.9822834,0
1731930929.9942284,0
1731930930.0129707,0
1731930930.0298133,0
1731930930.042151,0
1731930930.0549686,0
1731930930.068214,0
1731930930.0812328,0
1731930930.092991,0
1731930930.1052938,0
1731930930.11832,0
1731930930.1318748,0
1731930930.1445353,0
1731930930.1607914,0
1731930930.176908,0
1731930930.1950426,0
1731930930.2131848,0
1731930930.2310622,0
1731930930.27392,1
1731930930.292503,11
1731930930.304855,1
1731930930.3197136,17
1731930930.3362591,14
1731930930.354628,16
1731930930.3683188,22
1731930930.3840482,28
1731930930.4017265,33
1731930930.4221718,30
1731930930.4396799,31
1731930930.4583292,30
1731930930.470702,30
1731930930.4862423,29
1731930930.5007596,28
1731930930.5222878,29
1731930930.5504532,28
1731930930.5860085,28
1731930930.6051054,26
1731930930.6207461,25
1731930930.6376147,26
1731930930.6579206,26
1731930930.670959,25
1731930930.6856065,23
1731930930.706777,24
1731930930.7231352,24
1731930930.736345,23
1731930930.7584147,23
1731930930.775913,23
1731930930.78907,22
1731930930.8041885,20
1731930930.8202176,22
1731930930.831868,21
1731930930.844879,20
1731930930.8572972,20
1731930930.8715956,19
1731930930.8889647,19
1731930930.9069967,19
1731930930.9195302,18
1731930930.9312625,19
1731930930.9468808,17
1731930930.9589252,17
1731930930.974872,17
1731930930.9900653,16
1731930931.0027583,15
1731930931.0196505,15
1731930931.0343158,14
1731930931.0507345,14
1731930931.0628664,13
1731930931.083067,12
1731930931.0958831,13
1731930931.120414,11
1731930931.1442935,13
1731930931.1647997,13
1731930931.1781087,13
1731930931.1963012,13
1731930931.2183044,12
1731930931.2364852,12
1731930931.2509763,11
1731930931.2757614,13
1731930931.301594,12
1731930931.3221974,13
1731930931.3398871,12
1731930931.3527582,13
1731930931.366514,11
1731930931.3788085,11
1731930931.3937087,13
1731930931.4082217,13
1731930931.4292898,12
1731930931.4464333,11
1731930931.4585993,11
1731930931.4716177,11
1731930931.4938042,12
1731930931.5108876,12
1731930931.5290177,13
1731930931.5516126,13
1731930931.5696254,12
1731930931.5854218,13
1731930931.5988264,12
1731930931.6113272,13
1731930931.6293647,13
1731930931.6557567,12
1731930931.677672,13
1731930931.6932633,12
1731930931.712208,11
1731930931.7254496,13
1731930931.7384179,12
1731930931.7543986,11
1731930931.767839,13
1731930931.7837012,13
1731930931.8001664,12
1731930931.8188863,12
1731930931.8389714,12
1731930931.8592412,13
1731930931.871812,12
1731930931.8880954,13
1731930931.9041293,12
1731930931.9163644,11
1731930931.9313467,12
1731930931.9453933,12
1731930931.9582267,13
1731930931.977601,13
1731930931.9946027,13
1731930932.0093298,13
1731930932.0263622,13
1731930932.047303,12
1731930932.0602212,13
1731930932.0733542,12
1731930932.0862062,13
1731930932.1007347,11
1731930932.1165843,12
1731930932.129551,11
1731930932.1454926,12
1731930932.1587033,11
1731930932.1741881,13
1731930932.1871674,12
1731930932.1995316,12
1731930932.2127802,13
1731930932.2270005,13
1731930932.2447515,12
1731930932.258375,13
1731930932.2748816,12
1731930932.286932,11
1731930932.29987,13
1731930932.3150556,12
1731930932.3277197,12
1731930932.3444602,12
1731930932.3577259,13
1731930932.3702505,13
1731930932.3863304,11
1731930932.3985245,11
1731930932.4107926,11
1731930932.4251738,11
1731930932.4396708,12
1731930932.4530802,13
1731930932.4659731,12
1731930932.479653,12
1731930932.5005472,13
1731930932.5195067,12
1731930932.5377154,12
1731930932.5526555,12
1731930932.5698361,13
1731930932.5814834,12
1731930932.5990047,13
1731930932.6298504,13
1731930932.6432486,11
1731930932.6604378,13
1731930932.6767538,13
1731930932.6915913,11
1731930932.7037344,11
1731930932.7234943,11
1731930932.735635,13
1731930932.7510688,12
1731930932.7637057,12
1731930932.776319,11
1731930932.7927856,12
1731930932.8055682,11
1731930932.824242,12
1731930932.8409991,12
1731930932.857273,13
1731930932.8780234,11
1731930932.9025607,12
1731930932.9236023,13
1731930932.9447632,12
1731930932.9609294,13
1731930932.9760633,12
1731930933.0103228,12
1731930933.02952,13
1731930933.0491629,13
1731930933.0644536,13
1731930933.089579,12
1731930933.1069286,13
1731930933.11921,12
1731930933.1389484,12
1731930933.1600478,13
1731930933.1796138,12
1731930933.196025,13
1731930933.2090557,12
1731930933.2257395,12
1731930933.2404141,12
1731930933.2542794,13
1731930933.2695177,12
1731930933.2842572,12
1731930933.302326,11
1731930933.3170507,13
1731930933.3295538,13
1731930933.347651,12
1731930933.3634868,13
1731930933.3837848,12
1731930933.4034612,12
1731930933.417188,12
1731930933.4308584,13
1731930933.4424605,11
1731930933.4607232,12
1731930933.476358,11
1731930933.4991972,13
1731930933.5122302,12
1731930933.5266743,12
1731930933.5424778,13
1731930933.556608,13
1731930933.571607,11
1731930933.5899575,12
1731930933.6068969,12
1731930933.6202135,13
1731930933.6322892,13
1731930933.6511273,11
1731930933.6662366,13
1731930933.6833847,12
1731930933.6978676,12
1731930933.7232199,12
1731930933.7382767,13
1731930933.7570093,12
1731930933.7718353,12
1731930933.784674,14
1731930933.804617,11
1731930933.8281016,15
1731930933.8438096,13
1731930933.8663847,12
1731930933.8884728,13
1731930933.9071982,12
1731930933.9252064,13
1731930933.9376447,13
1731930933.9516377,12
1731930933.9674327,12
1731930933.985669,12
1731930933.9975739,12
1731930934.0115047,12
1731930934.0264742,12
1731930934.044219,11
1731930934.0656812,12
1731930934.0838425,13
1731930934.1057122,13
1731930934.1216233,11
1731930934.1378255,12
1731930934.1526663,11
1731930934.1681569,13
1731930934.184916,13
1731930934.1980276,12
1731930934.2133267,11
1731930934.2293942,12
1731930934.2482457,12
1731930934.263791,12
1731930934.2800097,12
1731930934.2931974,11
1731930934.3084862,12
1731930934.3225372,11
1731930934.338103,12
1731930934.3522577,13
1731930934.3681157,12
1731930934.3827906,12
1731930934.4048321,12
1731930934.4216242,11
1731930934.4398944,12
1731930934.4552765,12
1731930934.4692888,12
1731930934.481485,12
1731930934.4929562,12
1731930934.5100086,13
1731930934.5216744,13
1731930934.536181,13
1731930934.5518131,12
1731930934.5687196,12
1731930934.5825772,12
1731930934.6011999,13
1731930934.6152105,12
1731930934.6305916,11
1731930934.6534398,12
1731930934.6711166,11
1731930934.6831613,11
1731930934.697248,12
1731930934.7155297,11
1731930934.731841,13
1731930934.751548,13
1731930934.7703285,11
1731930934.7899802,12
1731930934.8037481,12
1731930934.8159182,12
1731930934.8284888,12
1731930934.8441107,12
1731930934.8566365,13
1731930934.8742814,12
1731930934.8915913,11
1731930934.9055822,12
1731930934.9370394,12
1731930934.9668927,11
1731930934.9883153,11
1731930935.0179284,13
1731930935.03806,12
1731930935.0567362,13
1731930935.077287,12
1731930935.0986242,13
1731930935.1289973,11
1731930935.1513245,13
1731930935.1899352,13
1731930935.2087176,12
1731930935.2239368,11
1731930935.2407246,13
1731930935.2581408,13
1731930935.2702992,13
1731930935.282595,13
1731930935.3038385,11
1731930935.330585,11
1731930935.3527532,13
1731930935.3712192,11
1731930935.3890564,13
1731930935.4202926,12
1731930935.4383585,14
1731930935.457986,13
1731930935.4719932,12
1731930935.4858792,13
1731930935.5008533,13
1731930935.5144353,13
1731930935.5281427,12
1731930935.55394,13
1731930935.5716207,12
1731930935.5900812,13
1731930935.6139488,13
1731930935.6371758,12
1731930935.6585827,12
1731930935.6754603,12
1731930935.688462,11
1731930935.70994,11
1731930935.731694,12
1731930935.7503746,12
1731930935.7673805,12
1731930935.7813082,11
1731930935.7949128,12
1731930935.8081334,13
1731930935.824741,13
1731930935.844027,11
1731930935.8622499,12
1731930935.87719,12
1731930935.8920498,12
1731930935.9091935,13
1731930935.9265418,13
1731930935.9412193,13
1731930935.9575553,11
1731930935.9731326,13
1731930935.9909563,12
1731930936.0105793,12
1731930936.029539,12
1731930936.048188,11
1731930936.0597475,13
1731930936.07186,13
1731930936.0894938,13
1731930936.1012793,13
1731930936.1177738,13
1731930936.130327,13
1731930936.1532044,12
1731930936.1763837,13
1731930936.1975946,13
1731930936.2205014,12
1731930936.2386796,12
1731930936.2584183,12
1731930936.27168,12
1731930936.286399,12
1731930936.3034391,12
1731930936.3212137,12
1731930936.333332,13
1731930936.3585892,12
1731930936.3740795,11
1731930936.3936484,11
1731930936.4107268,13
1731930936.4240408,12
1731930936.4411185,12
1731930936.4541743,11
1731930936.4733057,11
1731930936.4932826,13
1731930936.5054517,13
1731930936.5217674,12
1731930936.5373652,13
1731930936.558328,12
1731930936.5769596,12
1731930936.5983016,12
1731930936.616531,13
1731930936.6361601,13
1731930936.6542006,12
1731930936.6728153,11
1731930936.6864645,11
1731930936.7027998,13
1731930936.7238555,13
1731930936.739275,12
1731930936.7553232,13
1731930936.7675655,12
1731930936.7847087,12
1731930936.7983584,13
1731930936.8258283,12
1731930936.8469856,13
1731930936.8730066,12
1731930936.8926322,11
1731930936.9128382,13
1731930936.9279056,12
1731930936.9414532,11
1731930936.955881,12
1731930936.9691598,12
1731930936.9879456,13
1731930937.0052905,12
1731930937.020759,11
1731930937.0397696,12
1731930937.0604784,13
1731930937.076415,12
1731930937.092785,12
1731930937.109086,13
1731930937.1234121,12
1731930937.1395154,11
1731930937.1517782,11
1731930937.1679187,12
1731930937.1810765,13
1731930937.2006593,13
1731930937.2189527,12
1731930937.2303033,12
1731930937.2468472,13
1731930937.2672503,12
1731930937.2829278,13
1731930937.3003387,13
1731930937.31704,13
1731930937.3308787,11
1731930937.3443472,12
1731930937.3706098,13
1731930937.3891687,11
1731930937.4048023,13
1731930937.422951,11
1731930937.4424632,12
1731930937.4610405,12
1731930937.4770622,13
1731930937.4953582,12
1731930937.5100079,12
1731930937.5233,13
1731930937.543416,12
1731930937.5726054,12
1731930937.591803,12
1731930937.6086648,12
1731930937.6234396,12
1731930937.6353228,12
1731930937.6544046,12
1731930937.6750793,13
1731930937.695533,12
1731930937.71879,12
1731930937.7355971,11
1731930937.7503788,11
1731930937.7725224,13
1731930937.7870595,13
1731930937.8022187,13
1731930937.8170831,12
1731930937.8313212,12
1731930937.8488994,13
1731930937.8652573,12
1731930937.878042,12
1731930937.8897786,12
1731930937.9050694,11
1731930937.9183853,12
1731930937.9318361,11
1731930937.9481404,12
1731930937.9677856,12
1731930937.9884157,13
1731930938.0074236,13
1731930938.026215,11
1731930938.0431614,11
1731930938.0588136,12
1731930938.0753715,12
1731930938.0916388,11
1731930938.1119466,12
1731930938.1297138,12
1731930938.144791,13
1731930938.16353,12
1731930938.1806805,12
1731930938.1979744,12
1731930938.2147672,12
1731930938.234695,12
1731930938.2575006,12
1731930938.273396,11
1731930938.2882192,13
1731930938.3096635,11
1731930938.3290577,11
1731930938.3452618,12
1731930938.3614964,13
1731930938.3735855,12
1731930938.3894024,12
1731930938.4065237,11
1731930938.4207592,12
1731930938.4367728,13
1731930938.4525304,11
1731930938.465753,12
1731930938.478956,12
1731930938.494022,13
1731930938.509027,13
1731930938.523208,13
1731930938.5372164,11
1731930938.553769,12
1731930938.5683758,12
1731930938.5854185,12
1731930938.598184,13
1731930938.6143243,12
1731930938.6285744,13
1731930938.6414127,12
1731930938.6557684,12
1731930938.6750202,12
1731930938.6902292,13
1731930938.7031286,12
1731930938.7204158,12
1731930938.7354074,12
1731930938.7488732,13
1731930938.7609618,13
1731930938.7751455,13
1731930938.7876058,13
1731930938.8019793,13
1731930938.815256,12
1731930938.827526,12
1731930938.8448536,11
1731930938.8571644,13
1731930938.869926,11
1731930938.8831117,12
1731930938.8969831,12
1731930938.9126499,12
1731930938.9258637,13
1731930938.9441895,12
1731930938.9599652,12
1731930938.9767191,13
1731930938.992122,12
1731930939.0080175,13
1731930939.0207043,12
1731930939.0349734,13
1731930939.051163,13
1731930939.065495,11
1731930939.0803328,11
1731930939.0961998,12
1731930939.1147344,13
1731930939.1341205,13
1731930939.1507666,13
1731930939.169225,12
1731930939.186991,11
1731930939.2055829,12
1731930939.2278807,13
1731930939.2588499,12
1731930939.2817285,11
1731930939.302039,13
1731930939.3224885,12
1731930939.3373733,13
1731930939.3496633,13
1731930939.3657746,11
1731930939.3908575,13
1731930939.4108534,13
1731930939.431319,13
1731930939.4489243,11
1731930939.4634533,13
1731930939.4807189,13
1731930939.4960897,13
1731930939.512761,12
1731930939.5304377,11
1731930939.546852,12
1731930939.5617602,12
1731930939.5782235,13
1731930939.5982106,12
1731930939.6178386,12
1731930939.6373096,11
1731930939.6550126,13
1731930939.674056,13
1731930939.6907797,13
1731930939.7035015,12
1731930939.7161045,12
1731930939.7340631,11
1731930939.7510498,11
1731930939.7642546,12
1731930939.777079,12
1731930939.7945457,11
1731930939.8083417,12
1731930939.8225238,13
1731930939.836136,13
1731930939.8550906,11
1731930939.8697646,11
1731930939.8850641,13
1731930939.904863,12
1731930939.9179904,11
1731930939.9358048,13
1731930939.9481506,13
1731930939.961386,12
1731930939.9766786,11
1731930939.992685,12
1731930940.0063696,11
1731930940.0192182,12
1731930940.041043,12
1731930940.0680063,12
1731930940.0886734,12
1731930940.1115234,12
1731930940.1293552,13
1731930940.1433864,12
1731930940.162215,12
1731930940.1903343,13
1731930940.2119172,13
1731930940.2313766,13
1731930940.2498157,11
1731930940.2636147,12
1731930940.280571,12
1731930940.2998934,12
1731930940.3135164,13
1731930940.357559,12
1731930940.385738,11
1731930940.4073224,11
1731930940.4253442,13
1731930940.4452875,12
1731930940.459857,12
1731930940.487528,13
1731930940.5005956,13
