1732267948.0179107,0
1732267948.0298629,0
1732267948.042233,0
1732267948.0556803,0
1732267948.0706244,0
1732267948.0854702,0
1732267948.100689,0
1732267948.1146975,0
1732267948.1302538,0
1732267948.1451817,0
1732267948.160727,0
1732267948.174793,0
1732267948.1904557,0
1732267948.205201,0
1732267948.219596,0
1732267948.2346034,0
1732267948.2492785,0
1732267948.2646465,0
1732267948.2795153,0
1732267948.2960682,0
1732267948.3107255,0
1732267948.326791,0
1732267948.3429406,0
1732267948.3578396,0
1732267948.3735015,0
1732267948.3883808,0
1732267948.4039352,0
1732267948.4180133,0
1732267948.4330919,0
1732267948.4486861,0
1732267948.4636133,0
1732267948.4793937,0
1732267948.4953609,0
1732267948.5099804,0
1732267948.5250282,0
1732267948.5398643,0
1732267948.5546925,0
1732267948.5698,0
1732267948.5844636,0
1732267948.6009452,0
1732267948.61594,0
1732267948.6310883,0
1732267948.6460693,0
1732267948.662129,0
1732267948.6771054,0
1732267948.6928763,0
1732267948.7074263,0
1732267948.7222366,0
1732267948.7370121,0
1732267948.7525697,0
1732267948.767148,0
1732267948.7827096,0
1732267948.7977808,0
1732267948.8136082,0
1732267948.8274565,0
1732267948.8424654,0
1732267948.857038,0
1732267948.872231,0
1732267948.8868046,0
1732267948.902187,0
1732267948.9167697,0
1732267948.9313648,0
1732267948.9463038,0
1732267948.9606686,0
1732267948.9760585,0
1732267948.990905,0
1732267949.0060067,0
1732267949.0204253,0
1732267949.0332036,0
1732267949.0457404,3
1732267949.059136,6
1732267949.0730827,7
1732267949.0874581,9
1732267949.1015894,15
1732267949.1159184,16
1732267949.1309285,16
1732267949.1474788,21
1732267949.1609175,25
1732267949.1747816,24
1732267949.1884272,21
1732267949.2018597,15
1732267949.2163072,11
1732267949.2312012,9
1732267949.2451699,7
1732267949.259051,7
1732267949.2728183,5
1732267949.2868578,6
1732267949.3012874,5
1732267949.315355,6
1732267949.3297427,5
1732267949.3443751,2
1732267949.3601635,3
1732267949.374943,3
1732267949.3888025,3
1732267949.4027133,5
1732267949.4173708,6
1732267949.4328282,5
1732267949.447441,5
1732267949.4632344,7
1732267949.4776897,5
1732267949.4934168,5
1732267949.5082629,5
1732267949.5235724,2
1732267949.5381446,1
1732267949.5540357,2
1732267949.5680127,3
1732267949.5836556,4
1732267949.5989048,6
1732267949.613663,5
1732267949.6283364,3
1732267949.6440916,3
1732267949.6585681,0
1732267949.6744635,0
1732267949.6890678,0
1732267949.703937,0
1732267949.718018,0
1732267949.7324922,0
1732267949.7470818,0
1732267949.7616904,0
1732267949.7768075,0
1732267949.791095,0
1732267949.8061476,0
1732267949.8210254,0
1732267949.8359704,0
1732267949.8510904,1
1732267949.8648736,4
1732267949.8799064,5
1732267949.896035,4
1732267949.909555,6
1732267949.9241858,2
1732267949.9392211,5
1732267949.953424,4
1732267949.968519,1
1732267949.9824607,1
1732267949.9964142,0
1732267950.0105045,0
1732267950.0260303,0
1732267950.040076,0
1732267950.0554023,0
1732267950.0704815,0
1732267950.0847714,0
1732267950.09973,0
1732267950.1146607,0
1732267950.1305468,0
1732267950.1453824,0
1732267950.159213,0
1732267950.174181,2
1732267950.1881824,6
1732267950.2027793,6
1732267950.218135,4
1732267950.2318437,6
1732267950.247182,5
1732267950.261608,5
1732267950.2757785,3
1732267950.2908483,7
1732267950.3052702,4
1732267950.3210762,4
1732267950.3347402,4
1732267950.3489182,5
1732267950.3637867,5
1732267950.3783486,4
1732267950.393569,6
1732267950.407223,4
1732267950.4213424,4
1732267950.4349086,3
1732267950.4482598,5
1732267950.4618514,3
1732267950.4760306,5
1732267950.490497,6
1732267950.5056646,5
1732267950.5212884,4
1732267950.535392,5
1732267950.550482,6
1732267950.5658956,6
1732267950.5806763,6
1732267950.594326,6
1732267950.60844,5
1732267950.623834,6
1732267950.6381416,5
1732267950.653102,6
1732267950.6680427,6
1732267950.6834416,7
1732267950.698163,5
1732267950.7129447,8
1732267950.727714,7
1732267950.7423818,6
1732267950.756583,7
1732267950.770749,6
1732267950.7852669,4
1732267950.7995281,3
1732267950.8145936,3
1732267950.829114,3
1732267950.8431656,3
1732267950.857937,3
1732267950.8723018,3
1732267950.887193,3
1732267950.901573,3
1732267950.9165256,3
1732267950.930695,2
1732267950.9447112,3
1732267950.9592137,3
1732267950.9728608,3
1732267950.9862452,2
1732267951.000558,2
1732267951.0151992,4
1732267951.0288188,4
1732267951.0427103,6
1732267951.0572743,6
1732267951.0715973,4
1732267951.086364,4
1732267951.1007533,5
1732267951.1150796,4
1732267951.130006,5
1732267951.1443052,4
1732267951.1601424,5
1732267951.17438,6
1732267951.1886005,5
1732267951.2026777,5
1732267951.2169921,4
1732267951.2308452,5
1732267951.2453,4
1732267951.2595582,5
1732267951.274029,4
1732267951.2888243,4
1732267951.3032787,5
1732267951.3167503,6
1732267951.3307629,5
1732267951.3446305,4
1732267951.35828,6
1732267951.372517,5
1732267951.386851,6
1732267951.401495,7
1732267951.4156597,4
1732267951.4297402,4
1732267951.4445148,4
1732267951.4583383,4
1732267951.4732456,6
1732267951.48762,2
1732267951.5027966,4
1732267951.5171762,4
1732267951.5312493,3
1732267951.5448434,4
1732267951.5583103,5
1732267951.57297,6
1732267951.587532,4
1732267951.6012874,5
1732267951.6154191,6
1732267951.6297007,7
1732267951.6446857,4
1732267951.6591818,7
1732267951.6741939,4
1732267951.688737,2
1732267951.7027943,3
1732267951.7167478,1
1732267951.7304544,4
1732267951.745218,5
1732267951.7597327,5
1732267951.7740214,4
1732267951.7887437,6
1732267951.8025782,4
1732267951.8166716,7
1732267951.8299203,5
1732267951.8441434,6
1732267951.859492,5
1732267951.8746233,6
1732267951.8894749,4
1732267951.9046707,7
1732267951.9192781,6
1732267951.932803,6
1732267951.947853,5
1732267951.9619808,6
1732267951.975905,3
1732267951.9895658,4
1732267952.0038326,4
1732267952.0174232,4
1732267952.0307856,3
1732267952.0443943,2
1732267952.0577097,5
1732267952.071633,5
1732267952.0864484,6
1732267952.1006868,5
1732267952.1153185,7
1732267952.1299849,6
1732267952.1443844,6
1732267952.1599092,6
1732267952.1734955,6
1732267952.1874168,5
1732267952.2013767,6
1732267952.2154365,6
1732267952.2296245,6
1732267952.2444894,7
1732267952.2600636,6
1732267952.2749958,6
1732267952.2895334,6
1732267952.3042266,5
1732267952.3187208,3
1732267952.3337827,6
1732267952.3474376,4
1732267952.359529,6
1732267952.3729386,5
1732267952.387135,6
1732267952.4010448,4
1732267952.4155653,2
1732267952.4310474,1
1732267952.446381,2
1732267952.4612527,6
1732267952.474804,5
1732267952.4888084,5
1732267952.5040927,5
1732267952.5182457,7
1732267952.5322847,6
1732267952.5467942,7
1732267952.561482,6
1732267952.5758424,6
1732267952.590307,6
1732267952.6055744,6
1732267952.6202188,5
1732267952.6350954,5
1732267952.6496582,4
1732267952.6633706,5
1732267952.6774018,4
1732267952.691059,6
1732267952.7057343,6
1732267952.7200813,6
1732267952.7351682,7
1732267952.749322,5
1732267952.7633433,7
1732267952.7785463,6
1732267952.7941315,7
1732267952.80856,6
1732267952.8237302,6
1732267952.83805,6
1732267952.8524983,4
1732267952.8674653,6
1732267952.8813548,4
1732267952.8952935,3
1732267952.9097614,5
1732267952.9230785,4
1732267952.9363363,5
1732267952.9496214,6
1732267952.9637864,5
1732267952.9779265,5
1732267952.9925585,6
1732267953.0075636,4
1732267953.0220275,5
1732267953.0364523,6
1732267953.0516102,5
1732267953.066721,3
1732267953.0814118,5
1732267953.0945427,7
1732267953.108826,5
1732267953.1235175,7
1732267953.13704,5
1732267953.1513414,6
1732267953.1655529,5
1732267953.179289,7
1732267953.1940465,5
1732267953.209117,5
1732267953.2236102,5
1732267953.2383208,6
1732267953.253815,6
1732267953.2672884,7
1732267953.2809684,6
1732267953.2949638,6
1732267953.3092306,6
1732267953.3236415,6
1732267953.338187,5
1732267953.3525047,4
1732267953.3670125,6
1732267953.3827307,5
1732267953.3971047,6
1732267953.4124696,6
1732267953.4261825,5
1732267953.4398746,6
1732267953.4533513,5
1732267953.4678447,5
1732267953.4813488,6
1732267953.4962225,7
1732267953.5116277,6
1732267953.5266986,3
1732267953.5402186,2
1732267953.5541344,0
1732267953.5682135,0
1732267953.5827918,0
1732267953.597282,0
1732267953.6117392,0
1732267953.626612,0
1732267953.641398,0
1732267953.655838,0
1732267953.6706736,0
1732267953.6864889,0
1732267953.701155,0
1732267953.7164485,0
1732267953.7308125,0
1732267953.7468007,0
1732267953.758353,0
1732267953.7722168,0
1732267953.7863252,0
1732267953.8006754,3
1732267953.8157444,5
1732267953.8300426,4
1732267953.8435054,4
1732267953.8582304,4
1732267953.871773,6
1732267953.8871872,7
1732267953.9006941,6
1732267953.91507,4
1732267953.9292314,4
1732267953.9434526,4
1732267953.9576778,5
1732267953.9724283,4
1732267953.986859,6
1732267954.001637,4
1732267954.0161293,7
1732267954.0304387,6
1732267954.0445938,5
1732267954.0579786,6
1732267954.071473,5
1732267954.0851197,7
1732267954.0994604,5
1732267954.1136727,5
1732267954.1282113,5
1732267954.1430376,4
1732267954.157739,6
1732267954.1726806,5
1732267954.1860414,7
1732267954.2013593,5
1732267954.2150357,7
1732267954.2284696,6
1732267954.2430623,5
1732267954.2569292,6
1732267954.2710888,5
1732267954.2857122,3
1732267954.3016315,4
1732267954.3153272,5
1732267954.329406,5
1732267954.344078,6
1732267954.3574767,6
1732267954.372049,5
1732267954.3858092,6
1732267954.4001665,7
1732267954.4144719,6
1732267954.4292283,8
1732267954.4435396,6
1732267954.4577284,5
1732267954.4723942,6
1732267954.4868834,5
1732267954.5019968,5
1732267954.5166247,4
1732267954.5304837,4
1732267954.5450218,5
1732267954.5596225,4
1732267954.5731163,6
1732267954.5875905,5
1732267954.6017041,5
1732267954.616387,6
1732267954.6308775,7
1732267954.6451683,6
1732267954.6597679,7
1732267954.6742628,5
1732267954.6884484,5
1732267954.7037306,5
1732267954.7187,7
1732267954.733775,7
1732267954.7486627,6
1732267954.762252,6
1732267954.776619,7
1732267954.7907064,6
1732267954.8042092,7
1732267954.817834,6
1732267954.8313138,7
1732267954.845299,7
1732267954.8589864,4
1732267954.8725932,5
1732267954.8870134,6
1732267954.901484,6
1732267954.9162323,6
1732267954.929796,6
1732267954.9441705,5
1732267954.959279,4
1732267954.9727917,6
1732267954.9872427,4
1732267955.0007877,6
1732267955.0142605,6
1732267955.027828,4
1732267955.0414891,6
1732267955.0546055,4
1732267955.0680974,5
1732267955.0816436,5
1732267955.0952723,4
1732267955.109384,6
1732267955.122991,4
1732267955.1372497,6
1732267955.1516743,3
1732267955.1660695,1
1732267955.1805384,1
1732267955.1944716,0
1732267955.208275,0
1732267955.2226923,0
1732267955.2372577,0
1732267955.2517755,0
1732267955.2662268,0
1732267955.2819128,0
1732267955.2952945,0
1732267955.3095975,0
1732267955.3232095,0
1732267955.3364048,0
1732267955.350825,0
1732267955.3642294,0
1732267955.3784268,0
1732267955.3931668,0
1732267955.4080305,1
1732267955.4217908,5
1732267955.4365244,2
1732267955.4512007,5
1732267955.4651213,5
1732267955.4785986,6
1732267955.4929533,6
1732267955.507307,7
1732267955.521822,6
1732267955.5361543,6
1732267955.550256,6
1732267955.5645182,6
1732267955.578653,5
1732267955.59368,6
1732267955.6079667,4
1732267955.6218631,7
1732267955.6358743,7
1732267955.6502576,6
1732267955.6647017,7
1732267955.6780183,6
1732267955.692483,7
1732267955.7075076,7
1732267955.7222464,7
1732267955.7378483,5
1732267955.7529023,7
1732267955.7665133,7
1732267955.7803729,7
1732267955.7946246,9
1732267955.8091466,8
1732267955.8236053,8
1732267955.837636,8
1732267955.8519657,7
1732267955.8663583,7
1732267955.880718,6
1732267955.8957944,8
1732267955.9100564,8
1732267955.9248493,6
1732267955.9392312,6
1732267955.9534018,6
1732267955.9678493,4
1732267955.9819076,5
1732267955.9964724,6
1732267956.010214,6
1732267956.0243306,5
1732267956.0382118,5
1732267956.0520108,6
1732267956.066112,7
1732267956.0805266,6
1732267956.094305,3
1732267956.1079686,6
1732267956.1225522,6
1732267956.1371245,7
1732267956.1519802,6
1732267956.166013,6
1732267956.179431,6
1732267956.1928136,6
1732267956.2074063,5
1732267956.2209146,6
1732267956.2345338,6
1732267956.2485197,8
1732267956.2618716,7
1732267956.276119,6
1732267956.2902756,7
1732267956.3050873,6
1732267956.318743,6
1732267956.3328876,4
1732267956.3468304,4
1732267956.3603482,5
1732267956.3746986,5
1732267956.3885736,4
1732267956.4030373,5
1732267956.4171495,6
1732267956.4311364,4
1732267956.4447808,5
1732267956.45817,7
1732267956.472499,8
1732267956.4861338,6
1732267956.4997578,5
1732267956.513401,7
1732267956.5271077,7
1732267956.5415437,6
1732267956.554809,7
1732267956.5691333,6
1732267956.5831482,7
1732267956.596874,5
1732267956.610167,6
1732267956.6235778,5
1732267956.6369276,6
1732267956.649874,6
1732267956.6640415,7
1732267956.6782045,6
1732267956.691662,6
1732267956.7053752,7
1732267956.7192667,8
1732267956.733517,7
1732267956.7472234,7
1732267956.7608733,7
1732267956.7752557,6
1732267956.7903197,7
1732267956.8049278,5
1732267956.818501,8
1732267956.831865,9
1732267956.8467207,8
1732267956.862071,9
1732267956.8766012,8
1732267956.891243,9
1732267956.904904,9
1732267956.9184957,7
1732267956.9321678,7
1732267956.9455342,7
1732267956.9597824,9
1732267956.973889,8
1732267956.9880245,8
1732267957.0015705,9
1732267957.015844,8
1732267957.0295675,8
1732267957.0433533,8
1732267957.0568488,7
1732267957.071067,6
1732267957.0847893,7
1732267957.09883,6
1732267957.113333,8
1732267957.127757,7
1732267957.1425102,4
1732267957.156567,4
1732267957.1698976,6
1732267957.1833603,3
1732267957.1974812,6
1732267957.2106695,5
1732267957.2249997,4
1732267957.2386148,6
1732267957.2525206,4
1732267957.2661495,5
1732267957.2800655,7
1732267957.2950125,5
1732267957.309382,6
1732267957.3239458,6
1732267957.338504,6
1732267957.3509223,6
1732267957.3653367,7
1732267957.3795462,6
1732267957.3937702,7
1732267957.4087849,6
1732267957.4222913,4
1732267957.4372482,6
1732267957.4515505,4
1732267957.4654677,5
1732267957.4801228,6
1732267957.4948661,5
1732267957.5103703,7
1732267957.5240808,6
1732267957.5388873,3
1732267957.5538292,6
1732267957.5686219,5
1732267957.582742,4
1732267957.5965884,5
1732267957.6109176,4
1732267957.6250806,5
1732267957.6389086,4
1732267957.6527798,5
1732267957.6665866,4
1732267957.6819599,5
1732267957.696247,6
1732267957.7123468,6
1732267957.725822,3
1732267957.740577,6
1732267957.7545805,5
1732267957.7686481,5
1732267957.7831268,7
1732267957.7975078,5
1732267957.8116746,7
1732267957.826026,6
1732267957.8411353,6
1732267957.8556297,6
1732267957.8693597,6
1732267957.8842688,7
1732267957.8991404,7
1732267957.9138327,5
1732267957.9285257,5
1732267957.9428568,5
1732267957.9570735,4
1732267957.9702652,4
1732267957.9854198,5
1732267957.999707,5
1732267958.0152054,6
1732267958.0293329,5
1732267958.0442545,7
1732267958.0589366,6
1732267958.073719,4
1732267958.0874958,6
1732267958.1030622,3
1732267958.1169276,4
1732267958.1307924,4
1732267958.145598,5
1732267958.1600163,6
1732267958.1750686,4
1732267958.189485,4
1732267958.2036905,3
1732267958.2182918,4
1732267958.2331474,5
1732267958.2477658,4
1732267958.2612295,2
1732267958.2756588,3
1732267958.2901082,4
1732267958.3040369,5
1732267958.3182962,6
1732267958.3322268,5
1732267958.3458655,5
1732267958.3588705,6
1732267958.3726149,5
1732267958.3863087,4
1732267958.4014013,5
1732267958.415884,5
1732267958.4304652,6
1732267958.4451284,5
1732267958.4600303,5
1732267958.4734664,5
1732267958.4877498,5
1732267958.5023334,5
1732267958.516844,7
1732267958.5313516,6
1732267958.5456774,7
1732267958.5615327,6
1732267958.5764158,5
1732267958.591553,6
1732267958.6063766,5
1732267958.621401,7
1732267958.635695,6
1732267958.650474,6
1732267958.6651437,6
1732267958.679475,5
1732267958.6937351,6
1732267958.7080503,7
1732267958.722581,5
1732267958.7370808,5
1732267958.7515798,5
1732267958.7652824,4
1732267958.779426,7
1732267958.7948508,6
1732267958.8094182,7
1732267958.8245125,6
1732267958.8389342,6
1732267958.8542383,7
1732267958.8688831,6
1732267958.882775,8
1732267958.8966103,7
1732267958.9107063,8
1732267958.9252422,7
1732267958.9392006,7
1732267958.9545891,7
1732267958.9684687,6
1732267958.9827724,8
1732267958.9985957,6
1732267959.0126824,7
1732267959.026585,8
1732267959.0409348,8
1732267959.0562882,7
1732267959.0706832,8
1732267959.0857751,8
1732267959.1007814,6
1732267959.1153698,7
1732267959.1300418,5
1732267959.1445928,4
1732267959.1591146,4
1732267959.1738043,4
1732267959.1882043,7
1732267959.2027605,8
1732267959.2180724,8
1732267959.2325337,7
1732267959.2474568,8
1732267959.2621996,6
1732267959.276974,5
1732267959.291988,7
1732267959.3063571,5
1732267959.3206165,4
1732267959.335436,3
1732267959.3497689,6
1732267959.3618894,5
1732267959.3746078,6
1732267959.389637,5
1732267959.4040515,3
1732267959.4185483,6
1732267959.43279,5
1732267959.4503555,5
1732267959.4653556,7
