1731930915.8593364,0
1731930915.8745348,0
1731930915.8893616,0
1731930915.9030855,0
1731930915.915249,0
1731930915.9278731,0
1731930915.9408514,0
1731930915.9527316,0
1731930915.964335,0
1731930915.980709,0
1731930915.9939709,0
1731930916.0096514,0
1731930916.02154,0
1731930916.0330505,0
1731930916.044977,0
1731930916.0596406,0
1731930916.073765,0
1731930916.087223,0
1731930916.099084,0
1731930916.1111982,0
1731930916.1236615,0
1731930916.135378,0
1731930916.1482563,0
1731930916.1607468,0
1731930916.1736755,0
1731930916.1856456,0
1731930916.1985219,0
1731930916.2114515,0
1731930916.2261317,0
1731930916.2394154,0
1731930916.253417,0
1731930916.268101,0
1731930916.2807174,0
1731930916.2941923,0
1731930916.3092701,0
1731930916.3212185,0
1731930916.3335419,0
1731930916.3461604,0
1731930916.3598773,0
1731930916.3727531,0
1731930916.3856158,0
1731930916.3978186,0
1731930916.4116478,0
1731930916.4245667,0
1731930916.438279,0
1731930916.4510605,0
1731930916.464514,0
1731930916.4779706,0
1731930916.4911494,0
1731930916.5042691,0
1731930916.5192957,0
1731930916.5323584,0
1731930916.5465546,0
1731930916.561032,0
1731930916.5758643,0
1731930916.588887,0
1731930916.6012814,0
1731930916.6132057,0
1731930916.6264708,0
1731930916.6394856,0
1731930916.6527364,0
1731930916.6665466,0
1731930916.6789439,0
1731930916.693485,0
1731930916.7054176,0
1731930916.7175257,0
1731930916.730586,0
1731930916.74517,0
1731930916.7581754,0
1731930916.773105,0
1731930916.790557,0
1731930916.8043165,0
1731930916.8164365,0
1731930916.8296692,0
1731930916.8423984,0
1731930916.8549352,0
1731930916.871184,0
1731930916.9067817,0
1731930916.9200277,7
1731930916.9322648,8
1731930916.948827,11
1731930916.9621975,15
1731930916.9782367,16
1731930916.9954822,20
1731930917.0093298,22
1731930917.02217,23
1731930917.0357218,20
1731930917.04994,28
1731930917.0633335,36
1731930917.0799453,44
1731930917.0943704,52
1731930917.1078181,59
1731930917.1212409,58
1731930917.1352816,57
1731930917.1486928,57
1731930917.162993,57
1731930917.178757,57
1731930917.191022,57
1731930917.2054005,55
1731930917.2205987,56
1731930917.2346194,55
1731930917.2478342,56
1731930917.2736776,56
1731930917.2870913,55
1731930917.300199,56
1731930917.3184578,55
1731930917.3375876,55
1731930917.3549182,55
1731930917.3703122,53
1731930917.3899975,54
1731930917.4062386,54
1731930917.4198484,54
1731930917.4332557,54
1731930917.448123,54
1731930917.467986,54
1731930917.489406,53
1731930917.5092502,53
1731930917.528434,53
1731930917.5475395,53
1731930917.5618095,52
1731930917.5779612,52
1731930917.5915136,52
1731930917.6062932,51
1731930917.6199975,52
1731930917.6338744,51
1731930917.6478577,51
1731930917.6620028,50
1731930917.677046,50
1731930917.6955197,50
1731930917.7104845,50
1731930917.7255762,51
1731930917.7403927,49
1731930917.7526977,49
1731930917.7644062,49
1731930917.778041,50
1731930917.7950675,50
1731930917.8140967,49
1731930917.8364625,49
1731930917.8561382,48
1731930917.874265,48
1731930917.888281,47
1731930917.911962,47
1731930917.9341278,47
1731930917.9467583,45
1731930917.959699,47
1731930917.9850397,46
1731930917.9990585,47
1731930918.0143034,45
1731930918.0275836,46
1731930918.0410156,45
1731930918.055436,45
1731930918.0675857,45
1731930918.0800483,43
1731930918.0951097,45
1731930918.118192,44
1731930918.130903,43
1731930918.1471548,43
1731930918.1659307,44
1731930918.1792114,42
1731930918.1944547,44
1731930918.2116568,43
1731930918.2283237,41
1731930918.2442586,42
1731930918.2587633,42
1731930918.2769506,42
1731930918.2890534,42
1731930918.3052337,41
1731930918.319927,40
1731930918.3412457,40
1731930918.362745,40
1731930918.3799243,40
1731930918.3934653,40
1731930918.4114504,39
1731930918.4343677,40
1731930918.447781,38
1731930918.4653006,39
1731930918.483788,39
1731930918.4980555,38
1731930918.5141776,36
1731930918.5282142,36
1731930918.5430825,38
1731930918.5555646,37
1731930918.5676503,37
1731930918.5872145,37
1731930918.604081,37
1731930918.6166599,35
1731930918.6335025,36
1731930918.6485481,35
1731930918.6615937,34
1731930918.6775298,34
1731930918.6951728,33
1731930918.7077029,35
1731930918.7217674,33
1731930918.7371066,34
1731930918.7559197,32
1731930918.769883,32
1731930918.786669,32
1731930918.8040102,32
1731930918.8189662,32
1731930918.8382683,30
1731930918.8552496,31
1731930918.8718567,30
1731930918.8875272,31
1731930918.9012635,29
1731930918.9170363,29
1731930918.930914,30
1731930918.945533,30
1731930918.966457,29
1731930918.9898236,29
1731930919.0049489,28
1731930919.021783,27
1731930919.034405,26
1731930919.0517309,26
1731930919.0644038,27
1731930919.0775294,26
1731930919.093976,25
1731930919.1193752,25
1731930919.138816,23
1731930919.1587875,25
1731930919.1792073,23
1731930919.1990387,22
1731930919.2132692,23
1731930919.2373424,22
1731930919.2534025,23
1731930919.2660022,21
1731930919.28067,21
1731930919.299995,20
1731930919.3199553,20
1731930919.3342242,19
1731930919.3484416,19
1731930919.362001,19
1731930919.3761103,19
1731930919.3888388,19
1731930919.400756,18
1731930919.417932,18
1731930919.4310174,16
1731930919.4476326,16
1731930919.4616494,16
1731930919.475853,14
1731930919.4899433,15
1731930919.5022135,13
1731930919.5194716,14
1731930919.5330603,13
1731930919.5467036,11
1731930919.5613823,12
1731930919.5735028,12
1731930919.5868678,12
1731930919.600792,12
1731930919.6187184,13
1731930919.6344478,12
1731930919.649,12
1731930919.6633453,12
1731930919.6796138,13
1731930919.6924145,12
1731930919.7101667,11
1731930919.7233636,13
1731930919.7394025,12
1731930919.7530873,12
1731930919.7651496,12
1731930919.7811434,13
1731930919.800239,13
1731930919.8170576,12
1731930919.8319843,13
1731930919.8436239,13
1731930919.8572981,12
1731930919.8719683,12
1731930919.886184,12
1731930919.904855,13
1731930919.9210007,11
1731930919.9332294,13
1731930919.9458492,13
1731930919.962959,13
1731930919.9764743,12
1731930919.9917562,12
1731930920.0045295,12
1731930920.0162177,13
1731930920.0303633,11
1731930920.0466,12
1731930920.0668128,13
1731930920.0789664,13
1731930920.0971935,12
1731930920.1167367,12
1731930920.1361978,10
1731930920.1490197,11
1731930920.166425,13
1731930920.180623,11
1731930920.198169,12
1731930920.213653,12
1731930920.2388027,12
1731930920.255289,12
1731930920.2703233,13
1731930920.2880647,12
1731930920.3190923,13
1731930920.3357995,13
1731930920.360234,13
1731930920.372473,13
1731930920.385947,11
1731930920.4124835,12
1731930920.4439561,13
1731930920.4660928,13
1731930920.49288,13
1731930920.5131195,13
1731930920.5282338,14
1731930920.551831,13
1731930920.5680027,12
1731930920.5819044,12
1731930920.5983129,13
1731930920.6131382,12
1731930920.6275747,12
1731930920.6465735,11
1731930920.660568,11
1731930920.6782274,13
1731930920.6930153,12
1731930920.7121437,13
1731930920.7260368,11
1731930920.7394025,12
1731930920.7569282,12
1731930920.7730343,13
1731930920.7990358,13
1731930920.812558,12
1731930920.8260813,11
1731930920.8381064,12
1731930920.8534129,12
1731930920.8670037,13
1731930920.8811998,13
1731930920.8948216,12
1731930920.9081833,13
1731930920.9210277,12
1731930920.9342172,13
1731930920.9484243,11
1731930920.962578,12
1731930920.9779341,13
1731930920.9932563,13
1731930921.0089939,11
1731930921.0223753,12
1731930921.0354993,12
1731930921.0486329,13
1731930921.0617561,12
1731930921.0764947,12
1731930921.088918,11
1731930921.10244,12
1731930921.1179492,12
1731930921.1304412,11
1731930921.1450307,11
1731930921.1587343,12
1731930921.1729918,12
1731930921.185563,12
1731930921.1975913,12
1731930921.2121882,12
1731930921.2297912,12
1731930921.2463033,11
1731930921.2647507,12
1731930921.2797637,12
1731930921.2963846,12
1731930921.3113422,13
1731930921.3264234,12
1731930921.3403912,12
1731930921.356349,13
1731930921.3734868,11
1731930921.3878665,13
1731930921.4035742,12
1731930921.416916,13
1731930921.4291387,12
1731930921.4441469,12
1731930921.4576204,13
1731930921.4743178,11
1731930921.4878554,13
1731930921.5015051,13
1731930921.5189435,12
1731930921.538473,12
1731930921.5597746,13
1731930921.5749576,12
1731930921.5916555,12
1731930921.6087174,12
1731930921.625686,12
1731930921.6392195,11
1731930921.6554282,12
1731930921.6700454,12
1731930921.6851819,13
1731930921.6971698,11
1731930921.7093277,11
1731930921.7222412,13
1731930921.743037,12
1731930921.7630746,13
1731930921.7769654,11
1731930921.7940967,12
1731930921.8084116,11
1731930921.8247888,12
1731930921.844278,12
1731930921.8606503,12
1731930921.8777378,12
1731930921.8929043,12
1731930921.9076602,12
1731930921.9211502,12
1731930921.939414,12
1731930921.9533198,12
1731930921.9693818,13
1731930921.9878504,11
1731930922.006843,12
1731930922.021016,12
1731930922.0410542,11
1731930922.0544543,12
1731930922.067718,12
1731930922.080045,13
1731930922.0945334,11
1731930922.1107774,12
1731930922.124358,13
1731930922.1397336,12
1731930922.152484,11
1731930922.1641984,12
1731930922.1788058,12
1731930922.1987624,13
1731930922.2124329,12
1731930922.225658,13
1731930922.2412827,12
1731930922.2542899,13
1731930922.267919,12
1731930922.2818737,12
1731930922.294231,12
1731930922.3088198,12
1731930922.3212957,12
1731930922.332957,12
1731930922.3452623,12
1731930922.3622773,12
1731930922.3767369,12
1731930922.3908784,12
1731930922.4033973,12
1731930922.4171605,13
1731930922.431055,11
1731930922.4449403,12
1731930922.4612472,13
1731930922.4734933,12
1731930922.485687,12
1731930922.498832,11
1731930922.5118904,13
1731930922.5267,12
1731930922.5412383,12
1731930922.5535786,12
1731930922.5656276,12
1731930922.5779936,12
1731930922.591441,11
1731930922.6073513,12
1731930922.6200218,11
1731930922.6329286,13
1731930922.64504,13
1731930922.6595905,13
1731930922.6728535,12
1731930922.6870868,12
1731930922.7004185,13
1731930922.71558,12
1731930922.7293918,11
1731930922.746316,11
1731930922.7596362,12
1731930922.7725465,12
1731930922.785202,13
1731930922.7980251,12
1731930922.8149824,12
1731930922.8291142,13
1731930922.844412,12
1731930922.8564184,12
1731930922.872523,13
1731930922.885808,12
1731930922.8982625,12
1731930922.9148796,13
1731930922.9286835,12
1731930922.9454412,13
1731930922.9593482,11
1731930922.977319,12
1731930922.990302,12
1731930923.006517,12
1731930923.0231676,13
1731930923.0368059,13
1731930923.0504942,12
1731930923.066442,13
1731930923.0800211,12
1731930923.0931802,13
1731930923.1078632,13
1731930923.1204035,12
1731930923.1322706,12
1731930923.145277,12
1731930923.1606023,13
1731930923.1754558,13
1731930923.192775,13
1731930923.2119393,13
1731930923.2334535,13
1731930923.250849,13
1731930923.269049,11
1731930923.2828708,12
1731930923.2958484,11
1731930923.3117156,12
1731930923.3247185,12
1731930923.3542774,13
1731930923.3717818,13
1731930923.3862994,13
1731930923.3992295,12
1731930923.4145799,11
1731930923.428107,12
1731930923.4422438,13
1731930923.4549248,12
1731930923.468061,11
1731930923.4823005,12
1731930923.4945517,13
1731930923.5102205,13
1731930923.5257852,11
1731930923.5420208,13
1731930923.5542336,12
1731930923.5667896,12
1731930923.5818841,11
1731930923.59714,13
1731930923.6105645,12
1731930923.6242564,12
1731930923.636905,12
1731930923.6514642,12
1731930923.6652043,12
1731930923.677743,12
1731930923.6912735,13
1731930923.7046351,12
1731930923.7175138,11
1731930923.7304432,12
1731930923.743506,12
1731930923.7563207,13
1731930923.7723312,12
1731930923.7854018,11
1731930923.7996964,11
1731930923.8141847,11
1731930923.8299215,12
1731930923.8439558,13
1731930923.8588316,13
1731930923.872725,11
1731930923.887785,13
1731930923.905802,13
1731930923.9178638,12
1731930923.932421,12
1731930923.9460127,12
1731930923.9608746,13
1731930923.9757679,12
1731930923.989229,13
1731930924.0022516,12
1731930924.0163724,13
1731930924.028337,13
1731930924.0425885,13
1731930924.0566313,11
1731930924.069497,13
1731930924.0847173,12
1731930924.097069,12
1731930924.1123183,12
1731930924.1282814,12
1731930924.143327,12
1731930924.1595352,12
1731930924.1755347,13
1731930924.191513,13
1731930924.2073336,11
1731930924.221014,12
1731930924.2336583,13
1731930924.2478707,11
1731930924.272936,13
1731930924.2868423,13
1731930924.2982488,13
1731930924.3127172,13
1731930924.325839,12
1731930924.3404124,13
1731930924.3530877,11
1731930924.3650599,12
1731930924.3791108,12
1731930924.3943925,11
1731930924.408856,12
1731930924.4213464,13
1731930924.4400573,13
1731930924.4594579,12
1731930924.4798906,13
1731930924.4977794,12
1731930924.519893,12
1731930924.540237,13
1731930924.5579462,13
1731930924.5803995,12
1731930924.5934968,13
1731930924.6108751,13
1731930924.6233845,13
1731930924.6374533,13
1731930924.652913,12
1731930924.6650221,12
1731930924.6815786,12
1731930924.695717,12
1731930924.7113037,12
1731930924.7290134,11
1731930924.7441456,13
1731930924.7570925,12
1731930924.7714086,12
1731930924.786531,12
1731930924.7982826,12
1731930924.8137386,11
1731930924.8286421,13
1731930924.8524008,11
1731930924.8661306,12
1731930924.878859,11
1731930924.8959076,11
1731930924.9145744,12
1731930924.9308963,12
1731930924.9444008,11
1731930924.9576528,12
1731930924.9723349,13
1731930924.9930055,11
1731930925.008637,12
1731930925.0256987,12
1731930925.0381532,12
1731930925.0501072,12
1731930925.0629454,12
1731930925.0764816,12
1731930925.088956,12
1731930925.103257,13
1731930925.1182747,12
1731930925.1308599,11
1731930925.1476548,12
1731930925.162346,11
1731930925.1794481,13
1731930925.1969743,12
1731930925.2179484,11
1731930925.2304642,13
1731930925.2431543,13
1731930925.256742,12
1731930925.2696288,13
1731930925.2873933,12
1731930925.299602,12
1731930925.3120365,12
1731930925.326174,12
1731930925.341423,11
1731930925.3531966,12
1731930925.366445,13
1731930925.3785496,13
1731930925.3914123,12
1731930925.4035847,12
1731930925.4194164,13
1731930925.4336047,12
1731930925.4470673,12
1731930925.4633698,13
1731930925.4842572,12
1731930925.5008466,12
1731930925.5137722,13
1731930925.5303955,11
1731930925.5460944,13
1731930925.5608249,12
1731930925.5779042,13
1731930925.593209,12
1731930925.6128268,13
1731930925.6317332,12
1731930925.6494277,12
1731930925.6619327,13
1731930925.6740758,13
1731930925.6857793,13
1731930925.6993048,12
1731930925.7120454,11
1731930925.725546,13
1731930925.7382894,12
1731930925.7554681,12
1731930925.7707896,13
1731930925.7844944,12
1731930925.799437,12
1731930925.8144777,13
1731930925.826128,13
1731930925.84392,12
1731930925.8598773,13
1731930925.8763642,12
1731930925.888565,12
1731930925.9048505,13
1731930925.9167469,12
1731930925.9283783,13
1731930925.9465816,12
1731930925.9657435,12
1731930925.9776855,12
1731930925.990805,12
1731930926.0074563,12
1731930926.0264823,12
1731930926.0384426,12
1731930926.0565562,13
1731930926.0745425,13
1731930926.0886054,13
1731930926.1053295,13
1731930926.1191826,12
1731930926.1354113,12
1731930926.14789,12
1731930926.1595938,12
1731930926.1751223,11
1731930926.1878123,13
1731930926.2008388,12
1731930926.21703,11
1731930926.231236,13
1731930926.247627,12
1731930926.2608895,12
1731930926.2755072,12
1731930926.289129,13
1731930926.3057017,12
1731930926.3191712,12
1731930926.3410413,12
1731930926.354413,11
1731930926.3715272,12
1731930926.3850925,13
1731930926.3992953,13
1731930926.4120529,12
1731930926.4279723,14
1731930926.4500852,12
1731930926.462056,12
1731930926.4790435,13
1731930926.49222,11
1731930926.5069535,12
1731930926.5242028,12
1731930926.544096,13
1731930926.5637474,12
1731930926.5808983,12
1731930926.5943122,13
1731930926.606319,13
1731930926.621245,13
1731930926.6332273,13
1731930926.645974,12
1731930926.6608539,12
1731930926.6731396,12
1731930926.6852448,12
1731930926.6991978,12
1731930926.7120638,12
1731930926.725664,13
1731930926.7416024,12
1731930926.7547593,13
1731930926.767211,12
1731930926.780439,12
1731930926.7929678,13
1731930926.8055537,13
1731930926.8211498,12
1731930926.8352644,12
1731930926.8478184,12
1731930926.8628058,11
1731930926.8776326,12
1731930926.8982482,12
1731930926.913983,11
1731930926.932111,12
1731930926.9447644,12
1731930926.957205,11
1731930926.9698699,11
1731930926.9839535,11
1731930926.9971044,12
1731930927.015271,10
1731930927.0303311,13
