1731930915.8612263,0
1731930915.876129,0
1731930915.8891482,0
1731930915.9034815,0
1731930915.916529,0
1731930915.9285152,0
1731930915.9432776,0
1731930915.9578712,0
1731930915.979014,0
1731930915.9984446,0
1731930916.0119193,0
1731930916.0261366,0
1731930916.0381188,0
1731930916.051127,0
1731930916.0643976,0
1731930916.0774772,0
1731930916.089788,0
1731930916.1048944,0
1731930916.1192374,0
1731930916.1345742,0
1731930916.1473198,0
1731930916.1595721,0
1731930916.172123,0
1731930916.1850991,0
1731930916.1970692,0
1731930916.2092197,0
1731930916.2223308,0
1731930916.2345417,0
1731930916.2483768,0
1731930916.2606773,0
1731930916.2754464,0
1731930916.2877154,0
1731930916.2994108,0
1731930916.3124177,0
1731930916.3272126,0
1731930916.3424861,0
1731930916.356072,0
1731930916.3699656,0
1731930916.3823667,0
1731930916.3941553,0
1731930916.4063125,0
1731930916.418945,0
1731930916.432139,0
1731930916.4454877,0
1731930916.4572225,0
1731930916.472054,0
1731930916.4851942,0
1731930916.4987907,0
1731930916.5167198,0
1731930916.5322282,0
1731930916.5474741,0
1731930916.5608134,0
1731930916.572394,0
1731930916.588798,0
1731930916.601873,0
1731930916.6141944,0
1731930916.626019,0
1731930916.6384337,0
1731930916.6511192,0
1731930916.6652532,0
1731930916.6794198,0
1731930916.6924534,0
1731930916.7068958,0
1731930916.7196546,0
1731930916.7315578,0
1731930916.7434092,0
1731930916.7566273,0
1731930916.7721457,0
1731930916.7846744,0
1731930916.7968314,0
1731930916.8102593,0
1731930916.8229477,0
1731930916.8366632,0
1731930916.847988,0
1731930916.8612301,0
1731930916.875998,0
1731930916.9062257,0
1731930916.9193027,11
1731930916.932298,1
1731930916.9511247,14
1731930916.9654045,14
1731930916.9812553,17
1731930916.9968162,20
1731930917.0144541,22
1731930917.0323074,21
1731930917.044533,25
1731930917.0569947,30
1731930917.0701532,39
1731930917.0862668,46
1731930917.1005132,54
1731930917.1145656,60
1731930917.1281085,58
1731930917.143418,58
1731930917.15768,58
1731930917.1723742,56
1731930917.185172,58
1731930917.2002666,57
1731930917.2153304,56
1731930917.230989,57
1731930917.2442563,56
1731930917.2647517,57
1731930917.282228,56
1731930917.2990603,56
1731930917.315067,55
1731930917.3291507,55
1731930917.3460202,55
1731930917.3644252,55
1731930917.381079,55
1731930917.400038,53
1731930917.4222763,55
1731930917.4379177,53
1731930917.4544451,54
1731930917.4718282,53
1731930917.4955235,54
1731930917.5166912,52
1731930917.5311968,53
1731930917.5501115,52
1731930917.566432,52
1731930917.582948,52
1731930917.598898,50
1731930917.6131766,50
1731930917.629564,51
1731930917.64204,50
1731930917.6541712,50
1731930917.6675863,50
1731930917.6795964,50
1731930917.69417,51
1731930917.7124488,49
1731930917.72732,51
1731930917.7432337,49
1731930917.757655,49
1731930917.77137,50
1731930917.7835283,50
1731930917.7970006,49
1731930917.818611,48
1731930917.835704,48
1731930917.8526847,48
1731930917.8648663,48
1731930917.8776128,48
1731930917.8934846,47
1731930917.9076128,47
1731930917.921754,46
1731930917.9362464,48
1731930917.9518337,46
1731930917.9646897,47
1731930917.9795675,45
1731930917.995295,46
1731930918.0081668,45
1731930918.0225081,45
1731930918.0368288,46
1731930918.0484092,45
1731930918.0634105,45
1731930918.079263,45
1731930918.0943244,44
1731930918.115589,45
1731930918.130882,44
1731930918.1467042,44
1731930918.161585,44
1731930918.1768708,43
1731930918.189663,42
1731930918.2012281,43
1731930918.2177627,42
1731930918.2311475,43
1731930918.2484417,43
1731930918.2678998,42
1731930918.2803698,42
1731930918.2921405,42
1731930918.3093743,42
1731930918.321136,42
1731930918.3395603,40
1731930918.3562877,40
1731930918.3694284,41
1731930918.3844852,41
1731930918.410378,39
1731930918.4285886,39
1731930918.4439466,39
1731930918.4561908,37
1731930918.4741583,39
1731930918.495313,39
1731930918.5133595,37
1731930918.5309684,37
1731930918.5443933,37
1731930918.559081,36
1731930918.57228,36
1731930918.5892498,35
1731930918.6019197,37
1731930918.614457,36
1731930918.6314795,36
1731930918.6445339,35
1731930918.6567383,35
1731930918.674281,34
1731930918.686542,35
1731930918.70444,35
1731930918.7215197,33
1731930918.7369282,33
1731930918.7545593,34
1731930918.7679756,33
1731930918.7845256,33
1731930918.7977216,31
1731930918.811386,32
1731930918.8303843,32
1731930918.855422,32
1731930918.870278,31
1731930918.8831518,30
1731930918.8998775,31
1731930918.9171925,31
1731930918.93023,29
1731930918.9490705,29
1731930918.9710605,28
1731930918.9870687,29
1731930919.0001433,28
1731930919.013733,28
1731930919.0264115,28
1731930919.0394113,28
1731930919.0566235,26
1731930919.0700226,27
1731930919.0850654,26
1731930919.1056492,24
1731930919.12454,25
1731930919.1413918,24
1731930919.1571295,25
1731930919.1851287,22
1731930919.201395,23
1731930919.2167158,23
1731930919.240616,22
1731930919.260679,20
1731930919.2734084,22
1731930919.2869358,20
1731930919.3011708,20
1731930919.3208244,19
1731930919.3378544,18
1731930919.3540637,19
1731930919.3669791,17
1731930919.385954,18
1731930919.398472,17
1731930919.4142926,17
1731930919.4286513,18
1731930919.4416153,16
1731930919.4548383,17
1731930919.4673636,15
1731930919.4817996,16
1731930919.499754,14
1731930919.5141509,14
1731930919.527843,14
1731930919.5398662,14
1731930919.5523696,12
1731930919.5662158,11
1731930919.587658,12
1731930919.601446,12
1731930919.6188583,11
1731930919.6359487,12
1731930919.657128,12
1731930919.6717901,12
1731930919.684876,13
1731930919.6980832,12
1731930919.7109227,11
1731930919.7238731,13
1731930919.7369869,12
1731930919.7499328,13
1731930919.7617242,12
1731930919.7781415,12
1731930919.7949467,10
1731930919.8213415,12
1731930919.8335862,12
1731930919.8453863,13
1731930919.8600235,12
1731930919.8728013,12
1731930919.891527,12
1731930919.9054527,13
1731930919.9221983,13
1731930919.934483,13
1731930919.9504073,12
1731930919.9640687,12
1731930919.976751,12
1731930919.9934654,12
1731930920.0075066,13
1731930920.0260892,13
1731930920.0432959,13
1731930920.0553021,13
1731930920.072058,11
1731930920.0896723,10
1731930920.10758,12
1731930920.1197221,12
1731930920.1431236,12
1731930920.157951,12
1731930920.173568,13
1731930920.196764,13
1731930920.2159193,12
1731930920.2339766,12
1731930920.2472935,13
1731930920.2614307,13
1731930920.2845454,12
1731930920.3013952,12
1731930920.318107,12
1731930920.3328786,12
1731930920.3559513,13
1731930920.370836,13
1731930920.3868444,11
1731930920.4094148,11
1731930920.4320245,12
1731930920.463132,11
1731930920.4847796,13
1731930920.5003479,15
1731930920.5152993,20
1731930920.5302799,14
1731930920.5486233,12
1731930920.5675356,13
1731930920.5829642,12
1731930920.595392,12
1731930920.612068,12
1731930920.6244354,11
1731930920.6412902,12
1731930920.653595,11
1731930920.6722777,12
1731930920.6881318,13
1731930920.7033067,12
1731930920.7189064,11
1731930920.7362356,13
1731930920.7490036,13
1731930920.7664766,12
1731930920.7823539,13
1731930920.7970817,13
1731930920.8115623,13
1731930920.8271828,12
1731930920.8487525,13
1731930920.861587,12
1731930920.8752975,12
1731930920.888748,11
1731930920.9013278,13
1731930920.9138215,13
1731930920.9273686,11
1731930920.9440656,12
1731930920.95717,13
1731930920.972007,13
1731930920.986296,13
1731930920.9988933,13
1731930921.013245,12
1731930921.0279438,12
1731930921.0413656,11
1731930921.0542946,13
1731930921.067859,11
1731930921.0807605,11
1731930921.092686,13
1731930921.107057,11
1731930921.120171,12
1731930921.1329613,12
1731930921.1472857,12
1731930921.160723,13
1731930921.17443,12
1731930921.1878068,12
1731930921.2019506,13
1731930921.2158666,11
1731930921.2321582,12
1731930921.2472417,11
1731930921.2661946,12
1731930921.28085,12
1731930921.2939186,13
1731930921.3075504,12
1731930921.3207796,13
1731930921.3381057,12
1731930921.3549628,13
1731930921.3729215,12
1731930921.3875089,12
1731930921.4010463,12
1731930921.4138548,12
1731930921.4260209,12
1731930921.4396057,12
1731930921.4541645,13
1731930921.4665484,12
1731930921.4790585,12
1731930921.4948006,13
1731930921.5090754,11
1731930921.5227869,12
1731930921.5376737,12
1731930921.552701,13
1731930921.5655022,13
1731930921.5777814,12
1731930921.593366,12
1731930921.606598,13
1731930921.6195295,12
1731930921.6320584,12
1731930921.6455145,13
1731930921.6589012,11
1731930921.673513,11
1731930921.6871052,12
1731930921.699806,12
1731930921.7134843,13
1731930921.7268045,11
1731930921.7414305,12
1731930921.7551415,12
1731930921.7675538,12
1731930921.7799115,12
1731930921.7989564,12
1731930921.8168187,13
1731930921.8298566,12
1731930921.8448796,12
1731930921.8601537,11
1731930921.875506,13
1731930921.888389,12
1731930921.9005387,12
1731930921.9134872,11
1731930921.9265728,12
1731930921.941353,12
1731930921.9553854,13
1731930921.9686067,12
1731930921.981502,11
1731930921.9940577,13
1731930922.0083067,13
1731930922.0218422,12
1731930922.0373673,13
1731930922.0522912,12
1731930922.0658078,11
1731930922.080309,11
1731930922.0943704,12
1731930922.1086948,12
1731930922.1208754,12
1731930922.1332207,12
1731930922.147633,12
1731930922.1615322,12
1731930922.1767352,12
1731930922.191401,12
1731930922.2047038,13
1731930922.220482,13
1731930922.233242,11
1731930922.2464426,12
1731930922.260418,13
1731930922.2735548,12
1731930922.2861197,12
1731930922.2988963,13
1731930922.31232,12
1731930922.3264337,12
1731930922.341581,12
1731930922.3541386,11
1731930922.3684115,12
1731930922.3822122,13
1731930922.395652,13
1731930922.411719,12
1731930922.4248073,11
1731930922.437612,13
1731930922.4512403,11
1731930922.4636323,13
1731930922.4782894,13
1731930922.4927063,13
1731930922.5063415,12
1731930922.5218313,13
1731930922.5343418,13
1731930922.5477762,12
1731930922.5613678,12
1731930922.5738811,12
1731930922.5865731,11
1731930922.6012318,11
1731930922.6135097,11
1731930922.6268222,12
1731930922.640128,11
1731930922.6532285,13
1731930922.6669316,11
1731930922.6791983,13
1731930922.6932223,12
1731930922.7079692,11
1731930922.7219207,12
1731930922.7349126,11
1731930922.7487454,12
1731930922.7617214,13
1731930922.7773764,12
1731930922.791763,11
1731930922.8090842,12
1731930922.8216422,12
1731930922.8358753,12
1731930922.8486404,13
1731930922.862478,12
1731930922.8821769,12
1731930922.895856,12
1731930922.9101565,12
1731930922.9239185,13
1731930922.9385633,13
1731930922.9512584,12
1731930922.9633605,12
1731930922.9861956,12
1731930922.9984627,12
1731930923.0107753,11
1731930923.0244694,12
1731930923.0397098,11
1731930923.0539978,12
1731930923.0681973,12
1731930923.083823,12
1731930923.0978913,12
1731930923.1098218,11
1731930923.1232395,13
1731930923.1412637,12
1731930923.156367,12
1731930923.172501,12
1731930923.185318,11
1731930923.1985776,12
1731930923.212711,13
1731930923.2315223,13
1731930923.2513752,13
1731930923.2693305,12
1731930923.2848802,13
1731930923.299715,13
1731930923.3138535,13
1731930923.3288488,13
1731930923.3465352,12
1731930923.3706062,12
1731930923.3861701,11
1731930923.4019277,13
1731930923.4176667,12
1731930923.4306967,13
1731930923.4462667,12
1731930923.4619603,13
1731930923.475231,12
1731930923.4890451,13
1731930923.502001,12
1731930923.5142546,12
1731930923.5275226,13
1731930923.5404565,12
1731930923.554747,12
1731930923.5682642,13
1731930923.5846052,12
1731930923.599524,13
1731930923.6153665,12
1731930923.630762,12
1731930923.6433403,13
1731930923.6554415,13
1731930923.6688325,13
1731930923.6868942,12
1731930923.6995652,13
1731930923.7129345,12
1731930923.7256308,13
1731930923.7389405,12
1731930923.7537134,12
1731930923.7693706,13
1731930923.784102,12
1731930923.797018,12
1731930923.8157423,13
1731930923.8287168,12
1731930923.8445048,13
1731930923.857896,12
1731930923.870898,11
1731930923.884942,12
1731930923.8965738,12
1731930923.912226,13
1731930923.927176,13
1731930923.9437866,11
1731930923.959348,12
1731930923.9766681,12
1731930923.9923937,13
1731930924.0051346,12
1731930924.0183687,11
1731930924.0326962,12
1731930924.049747,11
1731930924.0618987,11
1731930924.0738206,12
1731930924.0903373,12
1731930924.1083834,13
1731930924.121757,12
1731930924.1339824,12
1731930924.1474462,13
1731930924.161172,12
1731930924.174895,12
1731930924.1881957,11
1731930924.2005746,13
1731930924.2136703,12
1731930924.2279348,12
1731930924.240578,12
1731930924.2530882,12
1731930924.2806308,11
1731930924.2967181,13
1731930924.3089323,13
1731930924.3225496,14
1731930924.3380108,13
1731930924.351267,13
1731930924.3658931,13
1731930924.3792043,12
1731930924.3939455,12
1731930924.4091842,13
1731930924.4224427,12
1731930924.4413114,12
1731930924.4584758,12
1731930924.4715407,12
1731930924.4853892,12
1731930924.502605,13
1731930924.5206432,11
1731930924.5404346,12
1731930924.5607083,12
1731930924.574795,13
1731930924.5904243,12
1731930924.6122046,12
1731930924.6253395,13
1731930924.6395838,13
1731930924.6539772,11
1731930924.665953,13
1731930924.6797564,12
1731930924.692886,13
1731930924.70917,13
1731930924.7252784,12
1731930924.7374978,12
1731930924.752146,12
1731930924.7656906,13
1731930924.777475,13
1731930924.7918572,13
1731930924.8062184,11
1731930924.8315597,11
1731930924.848885,12
1731930924.8641598,12
1731930924.8783476,12
1731930924.8964446,13
1731930924.9153159,12
1731930924.9300182,11
1731930924.9481227,13
1731930924.9634006,12
1731930924.9795408,12
1731930924.9961035,13
1731930925.010433,13
1731930925.0246856,13
1731930925.0384803,12
1731930925.052268,13
1731930925.065176,11
1731930925.0779037,13
1731930925.0908165,12
1731930925.107415,13
1731930925.1200683,12
1731930925.13519,12
1731930925.147937,13
1731930925.1612036,12
1731930925.1788838,12
1731930925.1973188,12
1731930925.2216656,12
1731930925.238658,12
1731930925.252258,13
1731930925.2667296,13
1731930925.284735,13
1731930925.2984385,13
1731930925.3107812,13
1731930925.3283384,12
1731930925.3422263,13
1731930925.3573782,12
1731930925.3706124,11
1731930925.3862786,11
1731930925.4004412,13
1731930925.4131072,12
1731930925.4289207,11
1731930925.4412248,13
1731930925.4619772,12
1731930925.476733,12
1731930925.4932826,12
1731930925.5102587,12
1731930925.5264244,13
1731930925.5428092,11
1731930925.5546222,11
1731930925.5698814,13
1731930925.5825028,12
1731930925.5958402,11
1731930925.6132727,13
1731930925.6298997,13
1731930925.6439633,12
1731930925.6572068,11
1731930925.672494,12
1731930925.6877918,12
1731930925.701901,12
1731930925.713752,12
1731930925.7256937,12
1731930925.742354,12
1731930925.756085,13
1731930925.7737818,13
1731930925.7869947,11
1731930925.804657,12
1731930925.820275,13
1731930925.8357413,11
1731930925.851689,13
1731930925.8684733,13
1731930925.8877697,13
1731930925.9085917,11
1731930925.9259677,13
1731930925.9448817,11
1731930925.9655945,12
1731930925.9799275,13
1731930925.9943743,12
1731930926.009569,13
1731930926.02731,13
1731930926.0418565,11
1731930926.0562701,12
1731930926.068773,11
1731930926.0839946,12
1731930926.097171,12
1731930926.1090934,12
1731930926.1269245,13
1731930926.1451685,12
1731930926.1592853,12
1731930926.176715,12
1731930926.1880345,12
1731930926.200055,13
1731930926.216104,11
1731930926.2291312,12
1731930926.2413611,12
1731930926.2542212,12
1731930926.2677598,13
1731930926.2801304,12
1731930926.2924175,12
1731930926.308608,13
1731930926.320692,11
1731930926.3463044,12
1731930926.3620584,13
1731930926.3778539,12
1731930926.3922806,12
1731930926.4072857,11
1731930926.4249313,13
1731930926.4431226,12
1731930926.4603996,12
1731930926.473331,13
1731930926.490885,13
1731930926.5035365,12
1731930926.5256236,12
1731930926.5445254,13
1731930926.561789,12
1731930926.5777154,13
1731930926.591442,11
1731930926.6079829,12
1731930926.6212494,13
1731930926.6335206,13
1731930926.6457381,13
1731930926.6610782,12
1731930926.6732824,12
1731930926.6856394,12
1731930926.7014434,13
1731930926.7131522,13
1731930926.7256963,13
1731930926.7415323,12
1731930926.759698,13
1731930926.773325,13
1731930926.7854745,13
1731930926.8011022,12
1731930926.8139834,12
1731930926.8259547,12
1731930926.8375843,12
1731930926.8529394,12
1731930926.8657846,13
1731930926.8789785,12
1731930926.8944256,11
1731930926.9065423,11
1731930926.9198165,13
1731930926.9356067,13
1731930926.9536147,12
1731930926.9673414,13
1731930926.9938364,11
1731930927.0108008,11
1731930927.0342817,11
