1732267119.476009,0
1732267119.487524,0
1732267119.4992592,0
1732267119.5115347,0
1732267119.5250604,0
1732267119.5390606,0
1732267119.5532534,0
1732267119.5678709,0
1732267119.5823743,0
1732267119.5971606,0
1732267119.611497,0
1732267119.625993,0
1732267119.6401916,0
1732267119.6547716,0
1732267119.669012,0
1732267119.6834776,0
1732267119.6974607,0
1732267119.7118943,0
1732267119.72679,0
1732267119.741162,0
1732267119.755527,0
1732267119.769931,0
1732267119.7845275,0
1732267119.7990992,0
1732267119.8133543,0
1732267119.82781,0
1732267119.8419898,0
1732267119.8563306,0
1732267119.870416,0
1732267119.88492,0
1732267119.899552,0
1732267119.9141314,0
1732267119.9287627,0
1732267119.9433074,0
1732267119.9579518,0
1732267119.9726446,0
1732267119.9872968,0
1732267120.0019867,0
1732267120.0159867,0
1732267120.0305696,0
1732267120.0448618,0
1732267120.0592241,0
1732267120.073839,0
1732267120.0880048,0
1732267120.102382,0
1732267120.1170218,0
1732267120.1318207,0
1732267120.1463683,0
1732267120.1609132,0
1732267120.1746986,0
1732267120.1893325,0
1732267120.2037106,0
1732267120.2181504,0
1732267120.2329092,0
1732267120.2482085,0
1732267120.26279,0
1732267120.2774334,0
1732267120.2921154,0
1732267120.306816,0
1732267120.3210807,0
1732267120.3356397,0
1732267120.3498414,0
1732267120.3640594,0
1732267120.3786752,0
1732267120.3930633,0
1732267120.4075177,0
1732267120.4215379,0
1732267120.4362166,0
1732267120.4503665,0
1732267120.4649103,0
1732267120.4791965,0
1732267120.4977677,0
1732267120.5100856,6
1732267120.5230558,10
1732267120.5368876,15
1732267120.550966,20
1732267120.5649455,27
1732267120.5801792,32
1732267120.5942004,40
1732267120.6076047,48
1732267120.6214695,52
1732267120.6351268,56
1732267120.648842,62
1732267120.663487,68
1732267120.6771636,73
1732267120.6906078,76
1732267120.7042148,79
1732267120.717904,79
1732267120.7314506,79
1732267120.7458816,80
1732267120.7599323,80
1732267120.7734869,80
1732267120.7870898,80
1732267120.8015728,81
1732267120.8147306,82
1732267120.8279543,82
1732267120.844047,83
1732267120.8570855,84
1732267120.8720527,84
1732267120.8857553,84
1732267120.8992376,84
1732267120.9134357,84
1732267120.92748,84
1732267120.9421232,85
1732267120.9565716,85
1732267120.971292,85
1732267120.9859424,86
1732267121.00036,86
1732267121.015221,86
1732267121.029527,86
1732267121.0438118,85
1732267121.0582724,85
1732267121.0725346,86
1732267121.0867624,87
1732267121.1011336,87
1732267121.11591,87
1732267121.1299155,87
1732267121.144247,88
1732267121.1584373,88
1732267121.1723642,88
1732267121.186653,88
1732267121.2006276,88
1732267121.2145522,88
1732267121.228812,89
1732267121.2427073,89
1732267121.2574215,89
1732267121.2717676,90
1732267121.286496,90
1732267121.3010256,90
1732267121.3155,90
1732267121.3301332,92
1732267121.3421283,92
1732267121.3566785,91
1732267121.3712866,93
1732267121.3860068,93
1732267121.400414,93
1732267121.414562,94
1732267121.4286823,94
1732267121.4425538,94
1732267121.4562342,94
1732267121.4710019,95
1732267121.4846132,94
1732267121.498345,95
1732267121.5124533,95
1732267121.5262177,95
1732267121.540182,95
1732267121.5544825,96
1732267121.5679154,96
1732267121.5820985,97
1732267121.5962675,96
1732267121.610551,97
1732267121.6250925,98
1732267121.6388326,99
1732267121.65293,99
1732267121.6672413,99
1732267121.6812718,100
1732267121.6957314,99
1732267121.7096698,99
1732267121.723441,100
1732267121.7374177,99
1732267121.7512405,100
1732267121.7666738,100
1732267121.7809982,100
1732267121.7955377,101
1732267121.8097517,101
1732267121.8240602,102
1732267121.8380659,103
1732267121.852689,104
1732267121.8677127,103
1732267121.881913,104
1732267121.8966024,104
1732267121.911523,104
1732267121.9256613,105
1732267121.9399004,105
1732267121.953242,105
1732267121.9672403,105
1732267121.9812968,105
1732267121.9955397,105
1732267122.0094674,105
1732267122.0236163,105
1732267122.038125,105
1732267122.0523422,105
1732267122.066889,105
1732267122.080942,104
1732267122.0953095,104
1732267122.1085362,103
1732267122.1223466,105
1732267122.1371675,105
1732267122.151267,105
1732267122.1651537,104
1732267122.179156,105
1732267122.1930206,105
1732267122.2073913,105
1732267122.2214518,105
1732267122.2352467,105
1732267122.2496974,105
1732267122.2637346,105
1732267122.2777178,104
1732267122.2923436,105
1732267122.306623,105
1732267122.3213596,105
1732267122.3347538,104
1732267122.347768,105
1732267122.3617072,105
1732267122.3757534,105
1732267122.389555,104
1732267122.4031,104
1732267122.4170375,104
1732267122.4308648,104
1732267122.444986,104
1732267122.4593275,104
1732267122.4737148,104
1732267122.4880571,105
1732267122.5019763,105
1732267122.5157096,105
1732267122.5290244,105
1732267122.5428078,105
1732267122.5557914,105
1732267122.569697,105
1732267122.582818,105
1732267122.596758,105
1732267122.6109257,105
1732267122.6252043,105
1732267122.6387734,104
1732267122.6530774,104
1732267122.667277,104
1732267122.681661,102
1732267122.6960168,101
1732267122.7096486,101
1732267122.7236528,99
1732267122.7377372,99
1732267122.7515168,98
1732267122.7658348,95
1732267122.779094,94
1732267122.7929537,91
1732267122.8065841,87
1732267122.8207686,86
1732267122.8347676,84
1732267122.8485131,84
1732267122.862441,84
1732267122.8767645,81
1732267122.8910432,78
1732267122.9050858,76
1732267122.9186254,75
1732267122.9320693,74
1732267122.9460852,74
1732267122.9601598,73
1732267122.974024,73
1732267122.988429,73
1732267123.0025725,73
1732267123.0169697,73
1732267123.0311527,73
1732267123.0455139,72
1732267123.0599961,73
1732267123.0742133,71
1732267123.0885262,71
1732267123.10227,71
1732267123.1164584,70
1732267123.129924,70
1732267123.1435387,72
1732267123.158803,72
1732267123.173086,71
1732267123.1873848,71
1732267123.2009442,71
1732267123.2151601,70
1732267123.2288053,70
1732267123.2429533,70
1732267123.2569811,69
1732267123.2714803,70
1732267123.285684,70
1732267123.2999697,70
1732267123.3135993,70
1732267123.328338,70
1732267123.341591,71
1732267123.3557174,72
1732267123.3695254,71
1732267123.382653,72
1732267123.3965766,72
1732267123.4106975,72
1732267123.424774,72
1732267123.4390523,73
1732267123.45295,73
1732267123.4670343,73
1732267123.4811916,72
1732267123.4948876,73
1732267123.5096214,74
1732267123.5236213,74
1732267123.5372937,74
1732267123.552006,74
1732267123.5664158,74
1732267123.5810878,74
1732267123.5954225,75
1732267123.6095078,75
1732267123.6245804,75
1732267123.639643,76
1732267123.653187,75
1732267123.667544,75
1732267123.6840932,74
1732267123.6973672,74
1732267123.71228,75
1732267123.7264001,74
1732267123.741051,75
1732267123.7553093,76
1732267123.7694001,77
1732267123.78478,76
1732267123.7987733,77
1732267123.813548,76
1732267123.8279383,76
1732267123.8418043,77
1732267123.8563333,77
1732267123.8702822,77
1732267123.8839614,76
1732267123.8981574,77
1732267123.9118376,78
1732267123.926402,78
1732267123.9409392,75
1732267123.9555955,76
1732267123.9689674,78
1732267123.9827273,78
1732267123.9971201,78
1732267124.0116246,77
1732267124.0257337,78
1732267124.039879,78
1732267124.0534472,78
1732267124.068024,79
1732267124.0817783,79
1732267124.0963814,79
1732267124.1101408,79
1732267124.1238704,79
1732267124.1375322,79
1732267124.1513531,79
1732267124.1658165,80
1732267124.180253,80
1732267124.1945531,80
1732267124.2095945,80
1732267124.2237608,80
1732267124.2380452,81
1732267124.2523382,81
1732267124.2667038,79
1732267124.2811403,79
1732267124.2957802,79
1732267124.310367,80
1732267124.3245578,80
1732267124.3391135,80
1732267124.352926,81
1732267124.3669682,81
1732267124.381187,81
1732267124.3951442,84
1732267124.4093704,88
1732267124.4225514,88
1732267124.4365022,87
1732267124.4504128,87
1732267124.4649305,87
1732267124.4791472,86
1732267124.4928632,88
1732267124.5070145,89
1732267124.5209956,89
1732267124.5349221,88
1732267124.5492134,88
1732267124.5634813,88
1732267124.5781832,87
1732267124.5931518,83
1732267124.6073444,83
1732267124.6216602,83
1732267124.635942,83
1732267124.650086,83
1732267124.6651418,83
1732267124.6795838,82
1732267124.6941879,82
1732267124.7085364,83
1732267124.7228518,83
1732267124.737067,84
1732267124.7515128,84
1732267124.7661738,83
1732267124.7803113,83
1732267124.7946637,83
1732267124.8092418,83
1732267124.8245492,83
1732267124.8383076,83
1732267124.8522978,83
1732267124.866442,83
1732267124.8809764,84
1732267124.896087,84
1732267124.910575,84
1732267124.9247193,84
1732267124.9389632,84
1732267124.9531,84
1732267124.9673102,85
1732267124.9816442,85
1732267124.9964147,85
1732267125.0100787,85
1732267125.02424,84
1732267125.037888,84
1732267125.0520945,84
1732267125.0663397,83
1732267125.0807815,84
1732267125.0961936,84
1732267125.1096618,83
1732267125.122953,83
1732267125.1366963,85
1732267125.1508324,85
1732267125.164707,84
1732267125.178955,83
1732267125.1932023,84
1732267125.2078729,83
1732267125.221987,84
1732267125.2362194,84
1732267125.2509005,84
1732267125.2650054,85
1732267125.2794244,86
1732267125.293738,86
1732267125.3078933,86
1732267125.3224792,85
1732267125.3370483,86
1732267125.351416,86
1732267125.365894,86
1732267125.3804014,86
1732267125.3949468,85
1732267125.4082563,85
1732267125.421773,85
1732267125.435392,85
1732267125.448992,85
1732267125.4626071,85
1732267125.4764965,85
1732267125.4907522,87
1732267125.5050178,87
1732267125.5191593,86
1732267125.533106,86
1732267125.5470412,86
1732267125.56168,86
1732267125.5756862,86
1732267125.589897,86
1732267125.6040072,86
1732267125.6183178,86
1732267125.6324875,86
1732267125.646396,85
1732267125.6605718,86
1732267125.674901,86
1732267125.6894314,84
1732267125.7031157,84
1732267125.717112,85
1732267125.7313125,86
1732267125.7459266,86
1732267125.7600844,86
1732267125.774656,85
1732267125.788817,86
1732267125.8028572,86
1732267125.817795,86
1732267125.8319752,86
1732267125.8462117,86
1732267125.8603055,86
1732267125.874499,86
1732267125.8889668,86
1732267125.9029503,86
1732267125.9170966,86
1732267125.9302635,86
1732267125.9438436,85
1732267125.957918,86
1732267125.972504,86
1732267125.9870434,86
1732267126.001347,86
1732267126.0162282,86
1732267126.0303838,86
1732267126.045008,86
1732267126.0595067,86
1732267126.073524,86
1732267126.088008,87
1732267126.1018455,87
1732267126.116372,87
1732267126.1303334,87
1732267126.1447785,87
1732267126.159781,87
1732267126.1742685,87
1732267126.1894739,87
1732267126.2037437,87
1732267126.2177942,86
1732267126.231799,86
1732267126.2460294,86
1732267126.2608712,86
1732267126.2750583,85
1732267126.2895253,85
1732267126.303778,88
1732267126.3178568,88
1732267126.3326397,88
1732267126.3470485,88
1732267126.362111,88
1732267126.3766673,87
1732267126.3909478,87
1732267126.4048533,87
1732267126.418894,86
1732267126.4328756,87
1732267126.446059,87
1732267126.460059,87
1732267126.474489,87
1732267126.4889083,87
1732267126.5034828,87
1732267126.5180585,86
1732267126.5332954,87
1732267126.5476098,87
1732267126.561954,87
1732267126.576516,87
1732267126.5907617,87
1732267126.6048634,87
1732267126.6183822,87
1732267126.6322374,86
1732267126.6468437,86
1732267126.6613133,87
1732267126.6762428,87
1732267126.6903787,87
1732267126.7053587,87
1732267126.719841,87
1732267126.7341487,87
1732267126.7484608,87
1732267126.7630277,87
1732267126.7773623,87
1732267126.791914,87
1732267126.8063657,87
1732267126.8207402,87
1732267126.8353128,88
1732267126.8495202,88
1732267126.8637464,88
1732267126.8772464,88
1732267126.8914008,88
1732267126.906082,87
1732267126.9196913,87
1732267126.9337683,86
1732267126.9475546,87
1732267126.9617875,87
1732267126.9766688,88
1732267126.9910653,88
1732267127.004564,88
1732267127.0188236,88
1732267127.033396,88
1732267127.048086,88
1732267127.0624485,87
1732267127.075921,88
1732267127.0900931,87
1732267127.1060305,87
1732267127.1199818,89
1732267127.1340804,89
1732267127.1486533,89
1732267127.1625044,89
1732267127.1767316,89
1732267127.1915677,88
1732267127.2058353,88
1732267127.2205098,88
1732267127.234541,87
1732267127.2489228,88
1732267127.263032,88
1732267127.2771478,87
1732267127.2906058,89
1732267127.3046176,89
1732267127.3191698,89
1732267127.3333867,89
1732267127.3462706,89
1732267127.3597014,88
1732267127.373771,89
1732267127.3879907,89
1732267127.402911,89
1732267127.4176078,89
1732267127.4316583,89
1732267127.4460187,89
1732267127.4599125,90
1732267127.4742775,90
1732267127.4882874,90
1732267127.5033045,90
1732267127.5171096,90
1732267127.5303504,90
1732267127.5447752,90
1732267127.5589705,90
1732267127.5739346,90
1732267127.5878632,89
1732267127.6021738,89
1732267127.6173928,89
1732267127.631199,90
1732267127.6450946,90
1732267127.6589231,89
1732267127.6731164,89
1732267127.6878743,89
1732267127.701908,89
1732267127.716706,89
1732267127.7303631,89
1732267127.7446003,89
1732267127.7593777,90
1732267127.7728927,90
1732267127.7873545,90
1732267127.8017263,90
1732267127.816448,89
1732267127.83115,89
1732267127.8455505,89
1732267127.8601584,89
1732267127.8747153,89
1732267127.8894606,89
1732267127.9035053,89
1732267127.9179718,89
1732267127.9321463,90
1732267127.9457648,90
1732267127.960256,89
1732267127.9740756,89
1732267127.9883275,88
1732267128.002546,89
1732267128.0165737,90
1732267128.0314655,90
1732267128.0456364,91
1732267128.060056,91
1732267128.0741427,91
1732267128.0885797,92
1732267128.102909,91
1732267128.1167657,92
1732267128.131804,92
1732267128.1459954,92
1732267128.160853,91
1732267128.1749055,92
1732267128.188723,92
1732267128.2031875,92
1732267128.2175562,93
1732267128.23214,93
1732267128.2460885,93
1732267128.2604246,93
1732267128.2747874,94
1732267128.2889016,94
1732267128.3034356,93
1732267128.3175547,92
1732267128.3320243,92
1732267128.3461015,92
1732267128.361985,93
1732267128.3762085,94
1732267128.390183,95
1732267128.4045455,95
1732267128.4185474,95
1732267128.433018,94
1732267128.4472542,95
1732267128.4617212,95
1732267128.4753265,95
1732267128.489605,95
1732267128.5039995,95
1732267128.5181074,95
1732267128.532539,95
1732267128.546251,94
1732267128.5606375,94
1732267128.575335,95
1732267128.5893965,95
1732267128.6032093,94
1732267128.6171002,95
1732267128.6309779,95
1732267128.645732,95
1732267128.6596632,97
1732267128.673617,97
1732267128.6878252,97
1732267128.7017128,97
1732267128.7158175,97
1732267128.729703,96
1732267128.744146,97
1732267128.759085,98
1732267128.7738843,98
1732267128.7886727,98
1732267128.8024716,98
1732267128.8172228,99
1732267128.8311398,99
1732267128.8450947,99
1732267128.8592439,100
1732267128.8735766,100
1732267128.8881001,100
1732267128.9026778,100
1732267128.9170222,100
1732267128.9314892,100
1732267128.9459596,100
1732267128.9607744,100
1732267128.9751859,100
1732267128.9897962,100
1732267129.0035114,100
1732267129.0180578,100
1732267129.032098,101
1732267129.0462642,103
1732267129.0607946,101
1732267129.0751395,101
1732267129.0891976,101
1732267129.1038835,102
1732267129.1183052,102
1732267129.132791,103
1732267129.146494,103
1732267129.1604366,102
1732267129.1742446,103
1732267129.1883461,103
1732267129.2029219,104
1732267129.2172003,105
1732267129.2315347,105
1732267129.245217,104
1732267129.2588036,105
1732267129.2730846,105
1732267129.2873876,104
1732267129.301035,104
1732267129.3154476,105
1732267129.3295023,105
1732267129.3443713,105
1732267129.3588767,105
1732267129.3732839,104
1732267129.3876169,104
1732267129.4014149,104
1732267129.415526,104
1732267129.4298496,105
1732267129.4443867,105
1732267129.4583375,105
1732267129.472647,104
1732267129.486992,105
1732267129.50167,105
1732267129.5163682,105
1732267129.5307844,105
1732267129.545552,105
1732267129.559577,104
1732267129.5737834,105
1732267129.5886538,105
1732267129.602606,105
1732267129.616883,105
1732267129.6309493,105
1732267129.6455834,105
1732267129.6598527,105
1732267129.6737144,105
1732267129.6884208,105
1732267129.702441,105
1732267129.7170532,105
1732267129.731205,105
1732267129.7458882,105
1732267129.7602987,105
1732267129.7748237,105
1732267129.7891068,105
1732267129.8035033,105
1732267129.8174148,104
1732267129.831572,102
1732267129.845652,100
1732267129.8591244,98
1732267129.8723254,96
1732267129.8862016,94
1732267129.9007146,93
1732267129.914401,92
1732267129.9290872,91
1732267129.9430432,93
1732267129.957302,95
1732267129.9706783,94
1732267129.9838848,95
1732267129.9983542,95
1732267130.0126033,94
1732267130.0260851,95
1732267130.039854,95
1732267130.054368,95
1732267130.0685387,95
1732267130.0835733,96
1732267130.0980272,96
1732267130.1120474,95
1732267130.1261933,96
1732267130.1406546,96
1732267130.1551712,96
1732267130.1692927,95
1732267130.1827443,92
1732267130.1965625,91
1732267130.2108176,91
1732267130.2248075,90
1732267130.2389967,90
1732267130.253157,89
1732267130.2672446,89
1732267130.2817035,88
1732267130.2965283,87
1732267130.310499,85
1732267130.3252234,84
1732267130.3395665,81
1732267130.352244,79
1732267130.366917,77
1732267130.3806617,77
1732267130.39448,75
1732267130.4084494,76
1732267130.4223793,77
1732267130.4372058,78
1732267130.45155,77
1732267130.4661827,77
1732267130.4804256,77
1732267130.4946713,77
1732267130.5088227,77
1732267130.5221994,77
1732267130.5363045,77
1732267130.5504472,76
1732267130.5648282,78
1732267130.5789692,78
1732267130.5929754,77
1732267130.6075275,78
1732267130.621909,78
1732267130.6360278,80
1732267130.6494842,79
1732267130.662762,81
1732267130.6769006,81
1732267130.691195,81
1732267130.7060328,81
1732267130.7207649,81
1732267130.7351916,81
1732267130.749767,81
1732267130.7637608,80
1732267130.7784157,81
1732267130.7926698,82
1732267130.8069239,82
1732267130.8210158,81
1732267130.8355072,81
1732267130.8503304,82
1732267130.8642118,82
1732267130.878292,82
1732267130.892867,82
1732267130.9068944,83
1732267130.9205763,84
1732267130.9349892,84
1732267130.9492617,84
1732267130.9635458,85
1732267130.9779444,84
1732267130.9916458,86
1732267131.0056338,86
1732267131.0201998,86
1732267131.0343275,85
1732267131.0487294,86
1732267131.0642118,85
1732267131.0780823,86
1732267131.0926776,86
1732267131.106547,86
1732267131.1206474,86
1732267131.1350744,86
1732267131.1493652,86
1732267131.1636798,86
1732267131.1772761,87
1732267131.1918344,86
1732267131.206316,86
1732267131.2210553,86
1732267131.2358932,87
1732267131.2499316,87
1732267131.264308,87
1732267131.278095,87
1732267131.2924683,88
1732267131.3067343,88
1732267131.3209944,89
1732267131.33579,89
1732267131.3500657,89
1732267131.3635657,89
1732267131.3773768,89
1732267131.3915854,90
1732267131.4064372,90
1732267131.4210143,90
1732267131.4351668,91
1732267131.449123,90
