1731930811.7469747,0
1731930811.7920988,0
1731930811.8056154,0
1731930811.8206322,0
1731930811.8322027,0
1731930811.845148,0
1731930811.858558,0
1731930811.8715541,0
1731930811.884657,0
1731930811.8967793,0
1731930811.9104455,0
1731930811.9226053,0
1731930811.9345906,0
1731930811.9470527,0
1731930811.9622107,0
1731930811.9749362,0
1731930811.990215,0
1731930812.0031068,0
1731930812.0152283,0
1731930812.0291977,0
1731930812.0425878,0
1731930812.054432,0
1731930812.0668952,0
1731930812.0811267,0
1731930812.092492,0
1731930812.1038437,0
1731930812.1158535,0
1731930812.128065,0
1731930812.1421049,0
1731930812.1570916,0
1731930812.1702151,0
1731930812.1840277,0
1731930812.1981728,0
1731930812.2105186,0
1731930812.2240832,0
1731930812.2359896,0
1731930812.2482831,0
1731930812.2641637,0
1731930812.2833014,0
1731930812.2967885,0
1731930812.3137262,0
1731930812.3260026,0
1731930812.339683,0
1731930812.3527286,0
1731930812.36651,0
1731930812.3790975,0
1731930812.3910086,0
1731930812.405637,0
1731930812.417303,0
1731930812.4301984,0
1731930812.446284,0
1731930812.4580526,0
1731930812.4811816,0
1731930812.4958818,0
1731930812.5076287,0
1731930812.5210533,0
1731930812.533742,0
1731930812.5479329,0
1731930812.559759,0
1731930812.5718164,0
1731930812.5852454,0
1731930812.6022162,0
1731930812.6168308,0
1731930812.6294622,0
1731930812.6421049,0
1731930812.6561668,0
1731930812.6695437,0
1731930812.6844337,0
1731930812.6983593,0
1731930812.7112548,0
1731930812.7248695,0
1731930812.7428513,0
1731930812.7615702,0
1731930812.7785907,0
1731930812.7947657,1
1731930812.818261,7
1731930812.840029,35
1731930812.8554888,52
1731930812.8702452,56
1731930812.8827474,55
1731930812.897639,40
1731930812.9139369,43
1731930812.9293792,58
1731930812.9422083,38
1731930812.9569013,25
1731930812.972005,24
1731930812.98981,21
1731930813.0098183,23
1731930813.0230968,25
1731930813.0360937,22
1731930813.0507646,24
1731930813.063193,27
1731930813.0785577,22
1731930813.0938513,31
1731930813.107389,72
1731930813.1228514,98
1731930813.1409178,56
1731930813.1555417,34
1731930813.1691067,31
1731930813.1836767,51
1731930813.205066,36
1731930813.2202268,37
1731930813.2345102,35
1731930813.2497342,31
1731930813.2622654,30
1731930813.2911305,99
1731930813.3109798,38
1731930813.3242044,33
1731930813.3385613,38
1731930813.3550704,39
1731930813.370196,41
1731930813.3817663,41
1731930813.3935423,41
1731930813.405372,39
1731930813.4209964,39
1731930813.4359467,40
1731930813.4537053,40
1731930813.4714332,40
1731930813.4860916,59
1731930813.500875,42
1731930813.5180073,44
1731930813.5327833,45
1731930813.547785,45
1731930813.5621707,43
1731930813.5778534,42
1731930813.5910783,45
1731930813.604137,44
1731930813.6182265,43
1731930813.632662,44
1731930813.6445704,62
1731930813.657586,45
1731930813.6732466,42
1731930813.6948116,42
1731930813.7146297,43
1731930813.7297473,43
1731930813.7473636,39
1731930813.7599287,41
1731930813.7727344,42
1731930813.7890422,40
1731930813.8060122,42
1731930813.819261,47
1731930813.835333,47
1731930813.8549063,44
1731930813.8734195,44
1731930813.886185,43
1731930813.9049013,37
1731930813.9203942,39
1731930813.9362607,42
1731930813.9782283,38
1731930813.9959679,57
1731930814.0303264,71
1731930814.060894,89
1731930814.0813656,101
1731930814.1049702,85
1731930814.1430483,81
1731930814.161419,104
1731930814.1756017,80
1731930814.196955,102
1731930814.2197018,99
1731930814.236287,82
1731930814.2558072,84
1731930814.2843397,85
1731930814.3056586,89
1731930814.3227975,89
1731930814.3381393,90
1731930814.3554215,86
1731930814.3703096,82
1731930814.384571,66
1731930814.3982184,61
1731930814.4108248,62
1731930814.4240236,65
1731930814.4389265,62
1731930814.458551,75
1731930814.4709454,74
1731930814.4847918,70
1731930814.4973593,71
1731930814.5139437,73
1731930814.5278482,69
1731930814.5416453,67
1731930814.5544212,55
1731930814.5690765,55
1731930814.58718,49
1731930814.6095583,60
1731930814.6272368,56
1731930814.6453166,63
1731930814.6713815,64
1731930814.7007275,67
1731930814.7269614,60
1731930814.7408183,58
1731930814.7547271,55
1731930814.783506,55
1731930814.812915,56
1731930814.8501515,55
1731930814.8702102,55
1731930814.893273,58
1731930814.9165635,56
1731930814.9346201,69
1731930814.9630575,55
1731930814.9848564,60
1731930815.0029569,56
1731930815.0210893,67
1731930815.0457559,65
1731930815.06839,70
1731930815.0876064,68
1731930815.1139066,62
1731930815.1289117,60
1731930815.1468832,66
1731930815.1587846,63
1731930815.1794431,65
1731930815.1970232,68
1731930815.219069,64
1731930815.2365315,73
1731930815.2533984,73
1731930815.2751698,65
1731930815.2895033,73
1731930815.3060331,57
1731930815.3225355,65
1731930815.346301,55
1731930815.3599887,61
1731930815.3759086,66
1731930815.4105191,80
1731930815.42662,72
1731930815.4510329,77
1731930815.4727743,85
1731930815.4913986,78
1731930815.5060174,79
1731930815.5490274,78
1731930815.5797555,74
1731930815.5983846,83
1731930815.61996,79
1731930815.6390266,72
1731930815.6524303,76
1731930815.6670969,73
1731930815.6845508,75
1731930815.6969302,77
1731930815.7122638,76
1731930815.7316644,77
1731930815.7482378,80
1731930815.7615125,68
1731930815.7832396,69
1731930815.7988744,70
1731930815.8136482,68
1731930815.8289251,67
1731930815.8427866,62
1731930815.8609917,60
1731930815.879544,64
1731930815.8923035,64
1731930815.9084663,59
1731930815.9211226,61
1731930815.9501536,64
1731930815.990395,56
1731930816.0174327,45
1731930816.044792,49
1731930816.057733,47
1731930816.0714562,43
1731930816.0899262,50
1731930816.1122687,44
1731930816.1284194,43
1731930816.1526632,44
1731930816.1654832,48
1731930816.1801274,44
1731930816.1947994,45
1731930816.2104661,39
1731930816.2256947,39
1731930816.23895,41
1731930816.255618,48
1731930816.274369,36
1731930816.290614,42
1731930816.307527,54
1731930816.322506,41
1731930816.3435721,37
1731930816.361789,39
1731930816.3779757,38
1731930816.394167,34
1731930816.4148648,37
1731930816.4290159,41
1731930816.4473433,38
1731930816.464273,40
1731930816.4868917,39
1731930816.5049052,44
1731930816.5224273,41
1731930816.5386007,63
1731930816.5544813,39
1731930816.5664635,38
1731930816.5856655,38
1731930816.6004658,36
1731930816.6196594,37
1731930816.634236,43
1731930816.6504395,39
1731930816.67054,41
1731930816.6875331,45
1731930816.7010274,54
1731930816.71413,36
1731930816.731281,39
1731930816.7488146,101
1731930816.7621982,50
1731930816.7758322,61
1731930816.7906218,48
1731930816.8039575,44
1731930816.821768,40
1731930816.835403,39
1731930816.8539495,43
1731930816.874108,47
1731930816.894438,62
1731930816.9174733,51
1731930816.938859,43
1731930816.9534361,42
1731930816.9686837,49
1731930816.9835796,47
1731930816.997547,40
1731930817.0119662,38
1731930817.0244956,35
1731930817.0382073,39
1731930817.056849,101
1731930817.0700183,45
1731930817.0858727,44
1731930817.1022453,50
1731930817.1170573,60
1731930817.1289904,54
1731930817.142415,55
1731930817.1566632,81
1731930817.1715138,55
1731930817.1869564,68
1731930817.2056441,60
1731930817.2204716,55
1731930817.2420096,55
1731930817.2580214,56
1731930817.2713208,54
1731930817.286873,65
1731930817.3027325,55
1731930817.3265274,57
1731930817.3437142,54
1731930817.3575084,54
1731930817.3703396,62
1731930817.3876545,49
1731930817.402144,55
1731930817.4176579,60
1731930817.4300923,61
1731930817.444261,65
1731930817.4598277,75
1731930817.4747252,60
1731930817.4904375,60
1731930817.5050395,63
1731930817.5292761,63
1731930817.5498486,52
1731930817.5699356,56
1731930817.5913243,56
1731930817.6055849,51
1731930817.6205947,56
1731930817.6353996,57
1731930817.6556225,52
1731930817.6678603,54
1731930817.6924887,52
1731930817.7093875,52
1731930817.7283008,44
1731930817.746471,53
1731930817.7614696,49
1731930817.777216,71
1731930817.7977014,51
1731930817.8192942,68
1731930817.8372238,59
1731930817.8524344,64
1731930817.8687425,53
1731930817.8877137,59
1731930817.9033518,52
1731930817.9193792,50
1731930817.94662,47
1731930817.96656,44
1731930817.9828725,44
1731930818.0137732,45
1731930818.0364673,47
1731930818.053029,47
1731930818.0686922,42
1731930818.0840614,42
1731930818.1028905,45
1731930818.1176975,45
1731930818.13471,44
1731930818.1489954,41
1731930818.1619563,47
1731930818.1774213,43
1731930818.191845,43
1731930818.2117615,47
1731930818.2261288,51
1731930818.2393382,43
1731930818.2545326,43
1731930818.2685945,44
1731930818.2802932,45
1731930818.2928731,46
1731930818.3114665,47
1731930818.3233597,49
1731930818.3364813,46
1731930818.3498955,42
1731930818.372994,47
1731930818.3881967,43
1731930818.4045138,43
1731930818.4190881,43
1731930818.4332004,42
1731930818.4475486,42
1731930818.4653842,44
1731930818.4798222,45
1731930818.4969604,47
1731930818.5128117,49
1731930818.527597,47
1731930818.5435889,51
1731930818.5575123,47
1731930818.5721712,46
1731930818.5852165,66
1731930818.5984173,70
1731930818.613804,50
1731930818.6266098,50
1731930818.639381,61
1731930818.6554942,58
1731930818.6715713,52
1731930818.687638,56
1731930818.7020133,57
1731930818.7190037,52
1731930818.7348769,51
1731930818.7492716,51
1731930818.762432,52
1731930818.7812717,56
1731930818.794158,53
1731930818.8107665,57
1731930818.8249416,54
1731930818.844869,53
1731930818.86797,52
1731930818.8866026,59
1731930818.905942,62
1731930818.9229543,58
1731930818.93882,60
1731930818.9562476,55
1731930818.9727228,54
1731930818.988242,55
1731930819.0119581,61
1731930819.0280957,60
1731930819.049999,61
1731930819.0726652,60
1731930819.0859427,58
1731930819.1023343,52
1731930819.115684,66
1731930819.1328423,61
1731930819.153637,55
1731930819.1707458,56
1731930819.1842415,60
1731930819.2030876,64
1731930819.2185347,66
1731930819.2382448,65
1731930819.2554927,64
1731930819.2713501,57
1731930819.2911394,76
1731930819.3188303,49
1731930819.3448055,57
1731930819.3625333,65
1731930819.38381,74
1731930819.401485,64
1731930819.4182322,56
1731930819.4316494,57
1731930819.4453223,56
1731930819.460107,58
1731930819.4734092,57
1731930819.4865763,68
1731930819.5007153,56
1731930819.5177972,62
1731930819.534726,66
1731930819.5472333,62
1731930819.5614095,59
1731930819.57661,54
1731930819.5898807,54
1731930819.603906,51
1731930819.619208,62
1731930819.634913,60
1731930819.648731,51
1731930819.6627324,57
1731930819.6786895,59
1731930819.692534,57
1731930819.7052293,60
1731930819.7265093,59
1731930819.7437804,65
1731930819.761694,61
1731930819.7807791,65
1731930819.7935994,66
1731930819.8158717,63
1731930819.8313782,66
1731930819.8563006,60
1731930819.880822,70
1731930819.9111986,48
1731930819.9374595,46
1731930819.9583058,49
1731930819.973074,52
1731930819.9864242,50
1731930820.0031374,53
1731930820.016504,57
1731930820.0332606,53
1731930820.0504072,52
1731930820.0635421,49
1731930820.0767877,52
1731930820.0916784,51
1731930820.109963,49
1731930820.1231794,55
1731930820.1367972,51
1731930820.1512947,51
1731930820.1643596,57
1731930820.1769507,50
1731930820.1897843,53
1731930820.2058268,50
1731930820.218282,46
1731930820.2337759,50
1731930820.2475994,46
1731930820.2618337,45
1731930820.279379,49
1731930820.306933,59
1731930820.327189,59
1731930820.3527617,57
1731930820.3717,60
1731930820.3882644,73
1731930820.407626,70
1731930820.420585,58
1731930820.4345145,56
1731930820.4479647,60
1731930820.461319,54
1731930820.4766264,59
1731930820.489566,52
1731930820.5034623,55
1731930820.5180435,46
1731930820.5304382,51
1731930820.547093,50
1731930820.561852,45
1731930820.581764,49
1731930820.5969453,47
1731930820.6118348,47
1731930820.6268575,63
1731930820.6416168,84
1731930820.6563094,47
1731930820.670568,60
1731930820.6841075,61
1731930820.6985536,57
1731930820.7111332,56
1731930820.726606,59
1731930820.7388444,58
1731930820.7520328,64
1731930820.7668486,52
1731930820.7800112,54
1731930820.792986,61
1731930820.8098867,55
1731930820.8223436,54
1731930820.8356433,48
1731930820.8487508,50
1731930820.863811,50
1731930820.8776193,51
1731930820.8920689,51
1731930820.9111454,50
1731930820.9242446,55
1731930820.936706,53
1731930820.9536283,47
1731930820.9767976,52
1731930820.99043,50
1731930821.0039032,48
1731930821.0181224,50
1731930821.0378199,65
1731930821.0550323,100
1731930821.0723295,58
1731930821.089874,64
1731930821.1046796,57
1731930821.1214318,55
1731930821.1497302,50
1731930821.1652162,54
1731930821.182192,52
1731930821.1995542,51
1731930821.2172434,49
1731930821.2402992,59
1731930821.2616122,62
1731930821.2836714,105
1731930821.3110182,66
1731930821.3309531,53
1731930821.3444908,56
1731930821.362606,58
1731930821.3844862,56
1731930821.4013717,57
1731930821.4147015,59
1731930821.4305491,59
1731930821.4482725,55
1731930821.4631076,59
1731930821.4776993,60
1731930821.491584,58
1731930821.5160308,56
1731930821.5362277,57
1731930821.5605068,48
1731930821.5759587,43
1731930821.5887024,52
1731930821.609015,49
1731930821.6281862,46
1731930821.6473634,63
1731930821.6686614,56
1731930821.6904495,58
1731930821.7039447,54
1731930821.7210147,55
1731930821.739129,55
1731930821.7551725,55
1731930821.7716694,53
1731930821.7863083,54
1731930821.8005857,55
1731930821.813387,57
1731930821.826383,58
1731930821.8383934,57
1731930821.8556159,61
1731930821.8730032,67
1731930821.888144,63
1731930821.914757,52
1731930821.9429843,55
1731930821.9562855,59
1731930821.9832501,58
1731930821.9965546,57
1731930822.0091734,63
1731930822.0262394,50
1731930822.0468345,52
1731930822.0601423,55
1731930822.077815,51
1731930822.0995402,58
1731930822.1193836,51
1731930822.1313634,56
1731930822.163439,46
1731930822.1977153,48
1731930822.2207928,54
1731930822.2522497,49
1731930822.291741,104
1731930822.325079,49
1731930822.3486316,53
1731930822.3660297,61
1731930822.3926,61
1731930822.4268446,68
1731930822.4474468,57
1731930822.4710398,50
1731930822.5067558,50
1731930822.5313272,51
1731930822.559546,50
1731930822.5838,58
1731930822.609086,50
1731930822.6310217,105
1731930822.6493435,56
1731930822.6640303,62
1731930822.683534,54
1731930822.702099,55
1731930822.714551,52
1731930822.731696,53
1731930822.7484815,58
1731930822.7640593,55
1731930822.780112,55
1731930822.7946312,53
1731930822.8119543,58
1731930822.8299763,61
1731930822.8482401,30
1731930822.863643,28
1731930822.8858037,28
1731930822.9050362,28
1731930822.9197423,28
1731930822.9353375,28
1731930822.951297,30
1731930822.9662702,28
1731930822.985656,28
1731930822.9975944,28
1731930823.016137,28
1731930823.0303252,28
1731930823.0432801,30
1731930823.062333,28
1731930823.080565,28
1731930823.0984795,28
1731930823.1152241,28
1731930823.1295116,28
1731930823.145707,28
1731930823.1589363,28
1731930823.172429,28
1731930823.1847842,33
1731930823.1983383,30
1731930823.212376,28
1731930823.2268171,28
1731930823.2438483,28
1731930823.260753,28
1731930823.276758,28
1731930823.2888536,28
1731930823.300828,28
1731930823.3168037,28
1731930823.330006,28
1731930823.3454752,33
1731930823.3589878,28
1731930823.3830528,29
1731930823.3974953,28
1731930823.4121997,28
1731930823.4293332,28
1731930823.4504476,28
1731930823.4676445,28
1731930823.4814816,28
1731930823.5021214,28
1731930823.5314994,33
1731930823.5472724,28
1731930823.5658338,28
1731930823.5814972,28
1731930823.5983067,28
1731930823.624471,28
1731930823.650476,33
1731930823.671697,28
1731930823.690471,28
1731930823.7041197,28
1731930823.7167945,30
1731930823.7308939,33
1731930823.7450216,28
1731930823.7571902,28
1731930823.7707107,28
1731930823.784036,28
1731930823.801962,29
1731930823.8159862,28
1731930823.8313143,28
1731930823.8459198,28
1731930823.86022,28
1731930823.8793817,30
1731930823.8948705,33
1731930823.9117923,33
1731930823.9242425,28
1731930823.9431038,33
1731930823.9628284,28
1731930823.975888,28
1731930823.9902406,28
1731930824.01055,28
1731930824.030506,33
1731930824.0446057,28
1731930824.0593977,33
1731930824.0774305,33
1731930824.090406,28
1731930824.1029365,28
1731930824.11913,30
1731930824.1369607,28
1731930824.1496534,28
1731930824.163163,28
1731930824.1764762,28
1731930824.1909592,28
1731930824.20413,28
1731930824.218598,28
1731930824.2316337,28
1731930824.2456357,28
1731930824.2578125,28
1731930824.270895,28
1731930824.2832797,28
1731930824.2960935,30
1731930824.3091455,33
1731930824.3245683,33
1731930824.3425052,30
1731930824.357009,28
1731930824.3751848,28
1731930824.3926182,28
1731930824.4089482,30
