1731931044.0174396,0
1731931044.0321975,0
1731931044.050401,0
1731931044.0692456,0
1731931044.0823867,0
1731931044.1055052,0
1731931044.1222925,0
1731931044.1375725,0
1731931044.1561172,0
1731931044.171868,0
1731931044.1850123,0
1731931044.198193,0
1731931044.210528,0
1731931044.2279124,0
1731931044.2421796,0
1731931044.2579827,0
1731931044.2694767,0
1731931044.28098,0
1731931044.2933536,0
1731931044.3075,0
1731931044.3192358,0
1731931044.3312662,0
1731931044.346087,0
1731931044.3605137,0
1731931044.3724089,0
1731931044.3842125,0
1731931044.398458,0
1731931044.4105113,0
1731931044.4225597,0
1731931044.435624,0
1731931044.4494827,0
1731931044.4657207,0
1731931044.4830291,0
1731931044.4970937,0
1731931044.5107632,0
1731931044.5226202,0
1731931044.5404289,0
1731931044.552619,0
1731931044.5664427,0
1731931044.579726,0
1731931044.5921903,0
1731931044.603882,0
1731931044.6177804,0
1731931044.6320748,0
1731931044.6463387,0
1731931044.662124,0
1731931044.676747,0
1731931044.6917973,0
1731931044.7047656,0
1731931044.7203608,0
1731931044.7342238,0
1731931044.7502663,0
1731931044.764407,0
1731931044.776183,0
1731931044.7924392,0
1731931044.804785,0
1731931044.8164132,0
1731931044.8298793,0
1731931044.8490832,0
1731931044.8670218,0
1731931044.8826933,0
1731931044.8955688,0
1731931044.9110763,0
1731931044.9248421,0
1731931044.938767,0
1731931044.9520214,0
1731931044.965721,0
1731931044.9785633,0
1731931044.996567,0
1731931045.014971,0
1731931045.0549614,11
1731931045.0864937,14
1731931045.1000986,15
1731931045.1142685,18
1731931045.1326103,23
1731931045.1476405,23
1731931045.1594393,24
1731931045.1742506,24
1731931045.190958,25
1731931045.2073874,24
1731931045.2209666,26
1731931045.2430868,27
1731931045.2588613,27
1731931045.2810736,28
1731931045.296434,29
1731931045.316632,31
1731931045.3290472,31
1731931045.345199,31
1731931045.3629692,33
1731931045.3805277,32
1731931045.3991613,34
1731931045.4188542,35
1731931045.4359071,36
1731931045.4488313,35
1731931045.462909,36
1731931045.47956,36
1731931045.4960408,37
1731931045.510234,39
1731931045.5241916,38
1731931045.5409663,39
1731931045.5580943,39
1731931045.5747929,40
1731931045.6038022,41
1731931045.6175005,42
1731931045.6351998,43
1731931045.6466286,43
1731931045.6631963,45
1731931045.683801,45
1731931045.7020946,47
1731931045.7240334,46
1731931045.7449117,46
1731931045.7661486,48
1731931045.7834978,48
1731931045.8060355,51
1731931045.8258324,51
1731931045.8381357,51
1731931045.8530817,52
1731931045.87596,52
1731931045.896311,52
1731931045.919774,54
1731931045.939604,56
1731931045.953928,56
1731931045.9709377,58
1731931045.9941638,59
1731931046.0115507,59
1731931046.0256941,58
1731931046.0474074,59
1731931046.069331,60
1731931046.0845997,62
1731931046.1058576,62
1731931046.1208396,63
1731931046.1352198,64
1731931046.1518269,63
1731931046.1669276,66
1731931046.1803885,65
1731931046.193202,65
1731931046.2050893,65
1731931046.2176285,68
1731931046.2314196,67
1731931046.2481356,68
1731931046.2617972,69
1731931046.2763438,70
1731931046.2952085,71
1731931046.3084917,71
1731931046.327314,70
1731931046.3440216,73
1731931046.357851,74
1731931046.3712785,73
1731931046.3858242,75
1731931046.403281,74
1731931046.4215362,74
1731931046.4381535,77
1731931046.4511063,76
1731931046.4661646,77
1731931046.4786277,78
1731931046.4954798,78
1731931046.5168045,79
1731931046.5361466,81
1731931046.5514944,81
1731931046.5659864,80
1731931046.5827448,82
1731931046.6015775,83
1731931046.6219008,82
1731931046.6411328,83
1731931046.6577926,86
1731931046.67901,87
1731931046.7143495,88
1731931046.7504778,89
1731931046.7830694,91
1731931046.804405,91
1731931046.8209674,91
1731931046.835017,91
1731931046.8551571,93
1731931046.8697302,95
1731931046.8824205,94
1731931046.8956738,95
1731931046.91047,95
1731931046.9286683,96
1731931046.9468932,97
1731931046.9605906,98
1731931046.976018,98
1731931046.997025,100
1731931047.0117593,100
1731931047.02406,101
1731931047.0382025,101
1731931047.0551586,101
1731931047.0699682,101
1731931047.0878987,103
1731931047.1083405,105
1731931047.1292622,105
1731931047.1872673,105
1731931047.2140572,104
1731931047.2366507,104
1731931047.2527573,103
1731931047.2868109,102
1731931047.3036742,97
1731931047.324109,92
1731931047.3426306,88
1731931047.362461,83
1731931047.3827386,77
1731931047.4109187,75
1731931047.4310563,75
1731931047.4486992,75
1731931047.4761508,74
1731931047.5006979,76
1731931047.5320544,76
1731931047.5541356,76
1731931047.5743668,77
1731931047.5880241,76
1731931047.6060708,76
1731931047.6257546,76
1731931047.6422248,78
1731931047.660148,77
1731931047.682935,78
1731931047.6961086,79
1731931047.7106023,78
1731931047.7327747,80
1731931047.749213,80
1731931047.764286,80
1731931047.7770813,79
1731931047.7973652,81
1731931047.8156917,81
1731931047.8350422,81
1731931047.8543143,82
1731931047.868227,80
1731931047.8816137,81
1731931047.8946612,82
1731931047.9177463,82
1731931047.930363,82
1731931047.9497068,83
1731931047.9698753,82
1731931047.9835982,83
1731931048.002504,83
1731931048.0172725,84
1731931048.03447,84
1731931048.048503,84
1731931048.0682454,85
1731931048.0979464,84
1731931048.1103365,84
1731931048.1304402,87
1731931048.148865,85
1731931048.1752415,87
1731931048.198107,87
1731931048.2115154,87
1731931048.2243178,86
1731931048.2394,89
1731931048.258038,87
1731931048.2710774,89
1731931048.2917411,89
1731931048.3099608,90
1731931048.3237643,90
1731931048.3436878,90
1731931048.3593473,90
1731931048.3824048,91
1731931048.3984978,90
1731931048.4140918,91
1731931048.4327629,92
1731931048.4579723,92
1731931048.4767716,93
1731931048.4933803,92
1731931048.509069,96
1731931048.5409493,102
1731931048.579138,102
1731931048.6103168,105
1731931048.659333,100
1731931048.7128236,99
1731931048.7445278,98
1731931048.797032,98
1731931048.827457,97
1731931048.854343,98
1731931048.8778505,98
1731931048.911834,99
1731931048.9389951,97
1731931048.9656067,99
1731931048.9834275,100
1731931049.0008445,100
1731931049.0171359,100
1731931049.043156,100
1731931049.0698035,100
1731931049.0878716,101
1731931049.1122727,101
1731931049.1365485,100
1731931049.1513064,101
1731931049.1773949,101
1731931049.1918228,102
1731931049.20877,102
1731931049.2243953,102
1731931049.2424176,102
1731931049.2607536,102
1731931049.27859,101
1731931049.2919154,102
1731931049.3041964,102
1731931049.321841,102
1731931049.34111,102
1731931049.360302,102
1731931049.3745244,102
1731931049.3943124,103
1731931049.407807,104
1731931049.4289014,104
1731931049.452239,103
1731931049.469418,103
1731931049.4819744,102
1731931049.4958022,103
1731931049.5196717,104
1731931049.5357897,105
1731931049.550347,105
1731931049.568177,105
1731931049.5852747,104
1731931049.6022377,104
1731931049.6231203,103
1731931049.6381998,104
1731931049.6577034,104
1731931049.6757746,105
1731931049.6939247,104
1731931049.7132165,104
1731931049.7301645,105
1731931049.749225,104
1731931049.7689972,104
1731931049.7834315,105
1731931049.8045354,100
1731931049.8245978,94
1731931049.838276,92
1731931049.8503537,89
1731931049.870628,84
1731931049.8880415,79
1731931049.904329,75
1731931049.917091,71
1731931049.9357755,72
1731931049.955161,72
1731931049.9722247,71
1731931049.9896162,72
1731931050.0108106,72
1731931050.0283964,73
1731931050.0585752,73
1731931050.081109,72
1731931050.1141038,74
1731931050.1425807,74
1731931050.1683695,73
1731931050.1896079,73
1731931050.2091446,73
1731931050.2247941,75
1731931050.2406163,74
1731931050.2563124,75
1731931050.2695963,74
1731931050.2818673,74
1731931050.2978373,73
1731931050.3130798,75
1731931050.3257048,75
1731931050.3418014,75
1731931050.357313,75
1731931050.3754566,76
1731931050.3930614,76
1731931050.4138255,77
1731931050.4334898,77
1731931050.455872,77
1731931050.4801607,76
1731931050.4960861,78
1731931050.5162547,78
1731931050.5401895,77
1731931050.5541153,78
1731931050.5708978,78
1731931050.5860226,79
1731931050.6028476,79
1731931050.615907,78
1731931050.6307867,78
1731931050.6452568,78
1731931050.6616259,78
1731931050.6763034,78
1731931050.6901596,80
1731931050.7064326,78
1731931050.7207503,79
1731931050.740454,79
1731931050.7643735,79
1731931050.7792406,78
1731931050.8024838,81
1731931050.8292632,80
1731931050.8486578,80
1731931050.8639948,79
1731931050.8786752,81
1731931050.8937478,82
1731931050.9156842,81
1731931050.9329998,82
1731931050.945887,81
1731931050.959931,81
1731931050.9773502,81
1731931051.0002036,83
1731931051.0167925,83
1731931051.0303147,82
1731931051.0455632,82
1731931051.0638027,82
1731931051.0834093,82
1731931051.1007173,82
1731931051.11948,83
1731931051.1420424,83
1731931051.1584654,83
1731931051.17951,84
1731931051.1959834,83
1731931051.2177455,84
1731931051.2374117,85
1731931051.2518609,85
1731931051.2713268,85
1731931051.2892509,84
1731931051.3050578,84
1731931051.320416,85
1731931051.3391278,85
1731931051.3540668,86
1731931051.3826163,84
1731931051.4019127,86
1731931051.4222858,85
1731931051.4359958,86
1731931051.4539135,86
1731931051.4682865,85
1731931051.4809263,85
1731931051.5050764,85
1731931051.5281804,84
1731931051.5476713,87
1731931051.566413,87
1731931051.593139,87
1731931051.6195772,85
1731931051.6352065,87
1731931051.6560214,85
1731931051.676607,87
1731931051.7046955,85
1731931051.7250912,87
1731931051.7511728,87
1731931051.765892,87
1731931051.7852848,87
1731931051.802135,88
1731931051.8154345,87
1731931051.8314483,87
1731931051.8544052,86
1731931051.8722174,88
1731931051.8888357,88
1731931051.9067702,88
1731931051.923096,86
1731931051.938491,87
1731931051.9722035,86
1731931051.9957159,88
1731931052.0185113,87
1731931052.039784,86
1731931052.0677588,87
1731931052.0878975,88
1731931052.114462,87
1731931052.1307585,87
1731931052.1452978,87
1731931052.1706755,89
1731931052.2131186,88
1731931052.2462604,88
1731931052.276815,88
1731931052.3007116,88
1731931052.3276901,88
1731931052.3429487,88
1731931052.3574429,88
1731931052.3861392,87
1731931052.399545,88
1731931052.4149637,89
1731931052.4316845,89
1731931052.4465406,89
1731931052.463667,89
1731931052.479856,88
1731931052.4970434,87
1731931052.5211728,89
1731931052.5365124,88
1731931052.552598,89
1731931052.5661967,88
1731931052.583149,88
1731931052.6010544,89
1731931052.620962,88
1731931052.6363935,88
1731931052.6543555,89
1731931052.6711905,87
1731931052.6868496,88
1731931052.7040303,89
1731931052.718267,88
1731931052.7345786,89
1731931052.7521286,89
1731931052.7669241,89
1731931052.7829328,89
1731931052.8036206,88
1731931052.8229976,88
1731931052.84084,88
1731931052.8584151,88
1731931052.8763692,88
1731931052.8911533,88
1731931052.9080434,88
1731931052.9245782,88
1731931052.9445674,88
1731931052.9611855,88
1731931052.975232,88
1731931052.9900918,88
1731931053.007079,88
1731931053.0246954,87
1731931053.038217,88
1731931053.0535069,88
1731931053.0687299,89
1731931053.091642,88
1731931053.1082194,89
1731931053.1224601,89
1731931053.1414359,89
1731931053.156844,88
1731931053.180662,89
1731931053.2179503,89
1731931053.242864,88
1731931053.2696812,89
1731931053.295882,87
1731931053.330479,89
1731931053.353254,88
1731931053.373468,87
1731931053.394261,88
1731931053.4094884,88
1731931053.432763,89
1731931053.4605618,87
1731931053.479544,88
1731931053.4976401,89
1731931053.512637,88
1731931053.5336761,89
1731931053.5528395,88
1731931053.5719433,88
1731931053.5924766,89
1731931053.612903,88
1731931053.6270347,88
1731931053.668897,88
1731931053.6856337,88
1731931053.710694,87
1731931053.7376506,89
1731931053.7547917,90
1731931053.7709332,88
1731931053.788124,88
1731931053.805084,88
1731931053.8175917,90
1731931053.8356023,90
1731931053.8489854,90
1731931053.8647528,89
1731931053.8772628,89
1731931053.890863,89
1731931053.9075534,89
1731931053.930321,88
1731931053.953494,89
1731931053.9705338,90
1731931053.9861891,90
1731931054.0003505,90
1731931054.0185282,91
1731931054.033112,91
1731931054.0498729,91
1731931054.0719862,91
1731931054.1021392,90
1731931054.1167176,90
1731931054.1417468,91
1731931054.158695,91
1731931054.1785395,91
1731931054.196901,91
1731931054.219588,92
1731931054.2408578,92
1731931054.2611108,92
1731931054.2755923,91
1731931054.2927387,91
1731931054.3143795,91
1731931054.3359413,90
1731931054.349495,90
1731931054.3624368,92
1731931054.3783073,91
1731931054.3949304,92
1731931054.4093883,91
1731931054.4237938,92
1731931054.443368,92
1731931054.4601097,92
1731931054.4800217,92
1731931054.4993956,92
1731931054.5184262,92
1731931054.5349145,92
1731931054.5588737,93
1731931054.5852191,93
1731931054.5997956,93
1731931054.6155496,93
1731931054.633564,93
1731931054.6491256,92
1731931054.6624787,94
1731931054.6802192,93
1731931054.702342,94
1731931054.7163455,94
1731931054.7308114,94
1731931054.7469027,92
1731931054.7635195,93
1731931054.78082,93
1731931054.795761,94
1731931054.8177483,93
1731931054.8346312,93
1731931054.8610122,92
1731931054.8831546,94
1731931054.9028025,95
1731931054.9211936,93
1731931054.9357479,93
1731931054.9581487,95
1731931054.9797587,95
1731931055.000755,94
1731931055.017822,94
1731931055.0296814,94
1731931055.0489998,94
1731931055.0697596,95
1731931055.1073034,96
1731931055.1348305,88
1731931055.154745,95
