1731930877.3264086,0
1731930877.3398714,0
1731930877.3522742,0
1731930877.3645084,0
1731930877.3770785,0
1731930877.3894396,0
1731930877.4030488,0
1731930877.416823,0
1731930877.4319184,0
1731930877.448769,0
1731930877.461961,0
1731930877.4754238,0
1731930877.4903586,0
1731930877.5044098,0
1731930877.517829,0
1731930877.530566,0
1731930877.544898,0
1731930877.5606143,0
1731930877.5737352,0
1731930877.587695,0
1731930877.600755,0
1731930877.6128561,0
1731930877.6245582,0
1731930877.6375268,0
1731930877.6497548,0
1731930877.661915,0
1731930877.6736534,0
1731930877.68636,0
1731930877.69908,0
1731930877.7118452,0
1731930877.7234616,0
1731930877.7359924,0
1731930877.7486749,0
1731930877.7614317,0
1731930877.7740452,0
1731930877.7861292,0
1731930877.7987518,0
1731930877.8111143,0
1731930877.8233922,0
1731930877.835194,0
1731930877.8482366,0
1731930877.8611996,0
1731930877.8739526,0
1731930877.886008,0
1731930877.898776,0
1731930877.9121804,0
1731930877.9256895,0
1731930877.9391356,0
1731930877.9525826,0
1731930877.9675446,0
1731930877.9819353,0
1731930877.9953752,0
1731930878.0079803,0
1731930878.0224671,0
1731930878.0356617,0
1731930878.048472,0
1731930878.0625668,0
1731930878.0759547,0
1731930878.0879693,0
1731930878.1020238,0
1731930878.1191924,0
1731930878.1343029,0
1731930878.1463623,0
1731930878.1616454,0
1731930878.176358,0
1731930878.1894274,0
1731930878.204432,0
1731930878.2170887,0
1731930878.2288442,0
1731930878.242156,0
1731930878.2545745,0
1731930878.2690806,0
1731930878.2821238,0
1731930878.2977374,0
1731930878.3103263,0
1731930878.3233058,0
1731930878.3449552,0
1731930878.3685386,3
1731930878.3848143,22
1731930878.3971777,25
1731930878.4120443,33
1731930878.4259007,28
1731930878.438114,25
1731930878.4503214,30
1731930878.4641566,32
1731930878.4776928,55
1731930878.489815,31
1731930878.5030653,32
1731930878.5210547,26
1731930878.5343168,25
1731930878.547825,22
1731930878.5669322,29
1731930878.5820777,33
1731930878.5970612,29
1731930878.6153913,31
1731930878.629667,29
1731930878.6429985,26
1731930878.656284,27
1731930878.6711547,27
1731930878.6860323,28
1731930878.7020261,27
1731930878.7179718,30
1731930878.7340739,33
1731930878.750707,28
1731930878.7642713,30
1731930878.78029,28
1731930878.7936227,29
1731930878.805987,29
1731930878.8187788,30
1731930878.8339074,31
1731930878.8486586,28
1731930878.8658786,30
1731930878.884744,25
1731930878.900107,25
1731930878.9178674,24
1731930878.93551,26
1731930878.9483173,28
1731930878.9643023,27
1731930878.9825249,26
1731930878.9982498,26
1731930879.0116723,27
1731930879.0251653,28
1731930879.0380268,28
1731930879.0510483,27
1731930879.0645041,29
1731930879.0776274,28
1731930879.090247,27
1731930879.1040823,25
1731930879.1179576,25
1731930879.1320608,28
1731930879.1473634,27
1731930879.1622384,26
1731930879.175085,28
1731930879.1910932,29
1731930879.2041612,27
1731930879.2200556,28
1731930879.2342558,25
1731930879.2497814,26
1731930879.2623568,25
1731930879.2780533,25
1731930879.2935174,25
1731930879.3094988,27
1731930879.322627,25
1731930879.3355243,25
1731930879.3528855,26
1731930879.3653057,25
1731930879.3821776,28
1731930879.395986,29
1731930879.4137022,30
1731930879.4255152,31
1731930879.4372656,30
1731930879.4534357,30
1731930879.4663126,31
1731930879.4829485,33
1731930879.4963882,32
1731930879.510813,33
1731930879.524829,33
1731930879.5367484,33
1731930879.5489473,33
1731930879.564238,31
1731930879.575989,32
1731930879.5876327,33
1731930879.5992093,31
1731930879.6123996,30
1731930879.625519,30
1731930879.6381316,31
1731930879.6499455,33
1731930879.6663485,36
1731930879.6788852,35
1731930879.6912782,39
1731930879.7070467,39
1731930879.7198484,41
1731930879.7384455,39
1731930879.7516105,38
1731930879.7680035,38
1731930879.7811396,34
1731930879.796743,34
1731930879.8099809,33
1731930879.8226187,34
1731930879.8377583,32
1731930879.8500965,31
1731930879.862783,31
1731930879.8806906,32
1731930879.8985364,31
1731930879.911104,29
1731930879.9255257,29
1731930879.940536,29
1731930879.9545834,30
1731930879.9692745,30
1731930879.9811726,28
1731930879.9944124,28
1731930880.0092857,30
1731930880.0211763,30
1731930880.0354934,29
1731930880.0489776,28
1731930880.0613506,29
1731930880.073663,27
1731930880.088695,28
1731930880.101822,27
1731930880.113842,27
1731930880.1330621,27
1731930880.1471128,29
1731930880.1610408,30
1731930880.173357,28
1731930880.186117,28
1731930880.2009425,27
1731930880.2129526,28
1731930880.2247758,30
1731930880.2398248,27
1731930880.2520337,30
1731930880.2640336,34
1731930880.2757902,38
1731930880.2888498,44
1731930880.3018482,39
1731930880.314063,35
1731930880.3287017,34
1731930880.343727,38
1731930880.3558977,40
1731930880.3725185,38
1731930880.3858292,38
1731930880.4020264,35
1731930880.414056,35
1731930880.427436,34
1731930880.4474459,35
1731930880.4636562,37
1731930880.47612,36
1731930880.489756,36
1731930880.50483,38
1731930880.5180109,38
1731930880.5339096,40
1731930880.547773,38
1731930880.564391,42
1731930880.5773048,40
1731930880.590087,43
1731930880.6058836,43
1731930880.6191928,39
1731930880.6341898,37
1731930880.64687,37
1731930880.6602488,42
1731930880.6748104,40
1731930880.6880696,39
1731930880.7051857,38
1731930880.7176166,36
1731930880.7323742,35
1731930880.7477937,38
1731930880.7611392,34
1731930880.7768013,33
1731930880.7886803,32
1731930880.8059316,29
1731930880.8205545,24
1731930880.8367183,24
1731930880.8530297,22
1731930880.86917,25
1731930880.8870666,26
1731930880.8995957,23
1731930880.915123,24
1731930880.9286675,26
1731930880.9440646,25
1731930880.9582036,28
1731930880.971106,27
1731930880.989034,28
1731930881.0048451,30
1731930881.018122,28
1731930881.0301664,31
1731930881.0451224,70
1731930881.0597475,51
1731930881.0714757,43
1731930881.0870843,40
1731930881.0992148,39
1731930881.1113522,38
1731930881.1236274,37
1731930881.139262,35
1731930881.1514478,34
1731930881.1635957,34
1731930881.178389,32
1731930881.189864,31
1731930881.2020528,31
1731930881.2136128,31
1731930881.2289135,31
1731930881.2411084,31
1731930881.2527804,31
1731930881.2655437,30
1731930881.2802734,31
1731930881.2929091,30
1731930881.3046925,31
1731930881.3205976,30
1731930881.3327792,30
1731930881.346315,30
1731930881.3616617,30
1731930881.373763,30
1731930881.3875215,31
1731930881.4041274,32
1731930881.4210699,33
1731930881.4337473,34
1731930881.4460843,32
1731930881.4622312,34
1731930881.4752183,35
1731930881.4869492,35
1731930881.5037246,38
1731930881.5152867,39
1731930881.5270576,37
1731930881.54456,39
1731930881.5560787,40
1731930881.5699644,38
1731930881.5875504,37
1731930881.6046963,38
1731930881.6166084,36
1731930881.6300333,34
1731930881.6444778,36
1731930881.6559608,34
1731930881.6715848,35
1731930881.685685,34
1731930881.6979136,36
1731930881.7099118,38
1731930881.7233498,32
1731930881.7365348,31
1731930881.7481897,32
1731930881.7598448,32
1731930881.7739127,29
1731930881.7868247,30
1731930881.8004823,30
1731930881.8151252,27
1731930881.828466,27
1731930881.8427346,30
1731930881.8566563,26
1731930881.8730242,27
1731930881.8870053,30
1731930881.8984666,31
1731930881.9102738,30
1731930881.9239824,31
1731930881.9405196,27
1731930881.9546633,28
1731930881.9793146,28
1731930881.99316,25
1731930882.0055723,26
1731930882.0196047,26
1731930882.0318015,25
1731930882.0453246,23
1731930882.0688758,20
1731930882.0820403,18
1731930882.0948606,19
1731930882.1118329,19
1731930882.12359,19
1731930882.1370225,19
1731930882.1526673,20
1731930882.1644278,18
1731930882.180075,18
1731930882.19322,20
1731930882.2049425,21
1731930882.216734,20
1731930882.2309968,22
1731930882.2435906,20
1731930882.2588408,22
1731930882.27376,23
1731930882.285572,24
1731930882.2977753,23
1731930882.3130674,29
1731930882.3255248,29
1731930882.3373308,34
1731930882.3504677,33
1731930882.362523,35
1731930882.3743834,35
1731930882.3860428,33
1731930882.3976786,36
1731930882.4141853,31
1731930882.42748,27
1731930882.4422207,24
1731930882.4547176,25
1731930882.4741204,25
1731930882.487805,24
1731930882.5060234,24
1731930882.5241733,27
1731930882.537365,26
1731930882.5496542,23
1731930882.5622377,25
1731930882.574963,27
1731930882.5868478,27
1731930882.5983372,26
1731930882.6114547,27
1731930882.627861,27
1731930882.640638,26
1731930882.6576047,26
1731930882.6756864,27
1731930882.6894915,26
1731930882.706939,31
1731930882.7215421,29
1731930882.7421765,33
1731930882.7548974,31
1731930882.7708173,32
1731930882.788244,32
1731930882.8031292,33
1731930882.8167164,38
1731930882.8301666,35
1731930882.8441615,36
1731930882.860997,37
1731930882.8734143,38
1731930882.8890893,37
1731930882.9016058,37
1731930882.914382,37
1731930882.9281363,37
1731930882.943882,38
1731930882.9607463,39
1731930882.9753184,34
1731930882.9918323,39
1731930883.004015,38
1731930883.0202694,38
1731930883.0335622,39
1731930883.048304,39
1731930883.0621989,41
1731930883.076674,39
1731930883.0916808,41
1731930883.1050014,40
1731930883.1209106,40
1731930883.1382937,38
1731930883.1540754,39
1731930883.1679718,35
1731930883.182419,34
1731930883.194815,35
1731930883.2074745,38
1731930883.22057,35
1731930883.2348983,36
1731930883.2471516,35
1731930883.2606544,34
1731930883.2746139,35
1731930883.2877252,34
1731930883.3047931,32
1731930883.3173945,32
1731930883.330688,36
1731930883.3448482,35
1731930883.3571336,32
1731930883.3701043,30
1731930883.3825524,34
1731930883.395501,37
1731930883.408056,32
1731930883.4222145,36
1731930883.437499,34
1731930883.4503944,30
1731930883.4656396,34
1731930883.479757,35
1731930883.4933279,40
1731930883.5071232,40
1731930883.520988,40
1731930883.5371683,40
1731930883.5494452,41
1731930883.5679145,43
1731930883.5853806,45
1731930883.5989075,47
1731930883.6153066,40
1731930883.6285598,38
1731930883.6415005,36
1731930883.6546104,37
1731930883.668671,36
1731930883.6818588,38
1731930883.6968458,36
1731930883.7112489,34
1731930883.725693,34
1731930883.7380788,37
1731930883.7499387,40
1731930883.763356,39
1731930883.7782023,36
1731930883.7903972,37
1731930883.8042004,36
1731930883.8180306,35
1731930883.8303797,37
1731930883.8424027,40
1731930883.8556888,39
1731930883.8684766,37
1731930883.880856,34
1731930883.893523,33
1731930883.9064727,35
1731930883.9199216,30
1731930883.933432,33
1731930883.9495025,32
1731930883.9650247,32
1731930883.9793558,32
1731930883.9918008,34
1731930884.0075142,32
1731930884.0223346,32
1731930884.0367112,32
1731930884.0500665,33
1731930884.0625513,31
1731930884.075451,32
1731930884.088628,33
1731930884.101212,33
1731930884.113042,34
1731930884.1305246,32
1731930884.1454678,32
1731930884.1618886,30
1731930884.1769073,33
1731930884.1919723,33
1731930884.210262,35
1731930884.2223454,32
1731930884.2345185,34
1731930884.2475226,34
1731930884.2634032,32
1731930884.2764304,32
1731930884.292462,31
1731930884.3110566,31
1731930884.3251252,32
1731930884.3381982,33
1731930884.3515782,33
1731930884.3650289,34
1731930884.3797872,37
1731930884.3953846,37
1731930884.408975,36
1731930884.4251363,36
1731930884.4377832,34
1731930884.4513772,35
1731930884.4646153,35
1731930884.4769685,35
1731930884.492411,35
1731930884.505253,37
1731930884.5170767,35
1731930884.5321844,36
1731930884.5477853,37
1731930884.56214,38
1731930884.575238,43
1731930884.5871422,43
1731930884.598813,37
1731930884.6141517,38
1731930884.6266148,35
1731930884.6442885,33
1731930884.6581044,33
1731930884.6743643,35
1731930884.687346,34
1731930884.70276,34
1731930884.7170959,34
1731930884.7292185,35
1731930884.7451584,38
1731930884.7592258,36
1731930884.7757382,35
1731930884.7887971,37
1731930884.8063543,36
1731930884.8188124,36
1731930884.836419,35
1731930884.8482609,35
1731930884.8660479,37
1731930884.8807697,37
1731930884.897189,37
1731930884.91036,36
1731930884.9282584,37
1731930884.9412289,38
1731930884.9575913,37
1731930884.9716444,37
1731930884.9873602,41
1731930884.9996727,43
1731930885.0118103,39
1731930885.027245,43
1731930885.0399785,43
1731930885.0519426,38
1731930885.06863,37
1731930885.0806677,38
1731930885.0924895,36
1731930885.106591,38
1731930885.1193957,36
1731930885.1311803,35
1731930885.1433656,35
1731930885.158589,34
1731930885.1707072,35
1731930885.1837134,35
1731930885.1995242,35
1731930885.2113771,34
1731930885.2239296,32
1731930885.2383332,34
1731930885.2505002,34
1731930885.2622764,34
1731930885.27857,33
1731930885.2933006,33
1731930885.3098621,40
1731930885.3217258,38
1731930885.3355043,36
1731930885.3508034,38
1731930885.3630805,36
1731930885.376995,37
1731930885.3909988,36
1731930885.404182,35
1731930885.4198928,40
1731930885.432717,39
1731930885.4449906,39
1731930885.462449,38
1731930885.4744785,38
1731930885.4863832,43
1731930885.5030625,39
1731930885.5151644,39
1731930885.5338318,40
1731930885.5487149,40
1731930885.5638423,39
1731930885.5758574,40
1731930885.5874774,40
1731930885.6025877,39
1731930885.6149797,40
1731930885.6267748,38
1731930885.6406338,38
1731930885.653549,42
1731930885.665739,43
1731930885.6779656,42
1731930885.6915898,41
1731930885.7044077,42
1731930885.7170966,39
1731930885.7358072,39
1731930885.7497752,39
1731930885.7626996,38
1731930885.7753625,36
1731930885.787654,36
1731930885.801074,37
1731930885.815312,34
1731930885.8280144,36
1731930885.8451939,33
1731930885.8601093,33
1731930885.8749516,36
1731930885.8896618,35
1731930885.906789,32
1731930885.9186149,33
1731930885.935189,34
1731930885.9505188,29
1731930885.965155,29
1731930885.9776697,29
1731930885.9909387,29
1731930886.0062888,29
1731930886.019739,29
1731930886.0361943,29
1731930886.0495515,29
1731930886.066547,29
1731930886.0794969,29
1731930886.0967271,29
1731930886.1118126,29
1731930886.1263843,30
1731930886.1457667,32
1731930886.1607044,35
1731930886.1778958,31
1731930886.191122,37
1731930886.2045176,40
1731930886.2191784,37
1731930886.2339437,36
1731930886.2485292,37
1731930886.2613277,36
1731930886.2758026,36
1731930886.2887583,36
1731930886.3013086,36
1731930886.3144634,35
1731930886.3290458,32
1731930886.3419642,34
1731930886.3564694,34
1731930886.3719172,36
1731930886.3852565,38
1731930886.4018316,31
1731930886.4162457,31
1731930886.4303725,31
1731930886.4462535,31
1731930886.460956,31
1731930886.4752836,33
1731930886.4877918,34
1731930886.5025616,28
1731930886.5171745,28
1731930886.5307896,32
1731930886.5435548,29
1731930886.5569885,29
1731930886.570315,29
1731930886.5828614,28
1731930886.596064,30
1731930886.6101146,30
1731930886.6240327,29
1731930886.6393437,29
1731930886.6528578,26
1731930886.6678867,28
1731930886.681734,28
1731930886.6946228,27
1731930886.710126,26
1731930886.7228327,26
1731930886.7385442,26
1731930886.750813,26
1731930886.7658575,26
1731930886.780927,26
1731930886.7952874,25
1731930886.811592,26
1731930886.8237517,27
1731930886.8369257,25
1731930886.852518,24
1731930886.8651197,22
1731930886.877961,22
1731930886.8929732,22
1731930886.9057689,22
1731930886.9180284,24
1731930886.9332004,22
1731930886.945424,22
1731930886.9590645,23
1731930886.9750228,22
1731930886.9882867,23
1731930887.0032318,23
1731930887.0163155,22
1731930887.0288262,24
1731930887.0420518,25
1731930887.054477,23
1731930887.0665689,23
1731930887.078977,23
1731930887.0928779,23
1731930887.1052728,24
1731930887.116782,25
1731930887.128287,25
1731930887.1427863,25
1731930887.1550663,23
1731930887.1674488,26
1731930887.180088,25
1731930887.1957116,24
1731930887.207638,27
1731930887.219787,28
1731930887.2345161,29
1731930887.2474492,30
1731930887.2608266,29
1731930887.2755814,29
1731930887.2878313,28
1731930887.3005073,28
1731930887.3137126,28
1731930887.3277736,27
1731930887.3393679,28
1731930887.3512,26
1731930887.3633387,27
1731930887.3790417,29
1731930887.396365,28
1731930887.4090068,26
1731930887.4226103,27
1731930887.4369411,27
1731930887.4490407,28
1731930887.4613626,27
1731930887.4730232,29
1731930887.4872754,31
1731930887.4996912,32
1731930887.5122468,32
1731930887.524979,32
1731930887.5396018,34
1731930887.5522196,35
1731930887.5647392,37
1731930887.579658,35
1731930887.5926301,35
1731930887.6043603,35
1731930887.6181877,37
1731930887.6300507,36
1731930887.642291,35
1731930887.6540885,37
1731930887.6695664,34
1731930887.6822832,33
1731930887.6959722,35
1731930887.7112348,33
1731930887.7240493,34
1731930887.7379308,32
1731930887.7505896,34
1731930887.7642303,32
1731930887.7803948,32
1731930887.794307,31
1731930887.8145301,32
1731930887.8288734,31
1731930887.8456883,32
1731930887.8613691,30
1731930887.8734686,31
1731930887.8856757,31
1731930887.903015,31
1731930887.9162686,33
1731930887.9321759,31
1731930887.9452047,31
1731930887.9609768,32
1731930887.9742565,36
1731930887.986463,32
1731930888.0026095,30
1731930888.018152,30
1731930888.0319474,31
1731930888.0444102,31
1731930888.0570269,30
1731930888.0704498,30
1731930888.083641,30
1731930888.0956268,30
1731930888.1075041,32
1731930888.1207426,30
1731930888.1335049,31
1731930888.1455643,30
1731930888.1578016,30
1731930888.1697047,29
1731930888.1836438,30
1731930888.1974,32
1731930888.2103288,35
1731930888.226094,41
1731930888.2395833,40
1731930888.253301,38
1731930888.2659662,36
1731930888.281611,31
1731930888.2955244,29
1731930888.3094904,30
1731930888.326267,31
1731930888.3410242,27
1731930888.3576937,27
1731930888.374543,26
1731930888.3865364,27
1731930888.4063852,14
1731930888.420723,12
1731930888.4358737,12
1731930888.4588876,14
1731930888.4752395,13
