1732268736.389911,0
1732268736.402061,0
1732268736.4151516,0
1732268736.4276035,0
1732268736.4392955,0
1732268736.4514027,0
1732268736.4638777,0
1732268736.4771662,0
1732268736.4916713,0
1732268736.5057168,0
1732268736.520706,0
1732268736.534644,0
1732268736.549914,0
1732268736.5637598,0
1732268736.5776463,0
1732268736.593319,0
1732268736.6074858,0
1732268736.6229498,0
1732268736.6367185,0
1732268736.651593,0
1732268736.6653125,0
1732268736.679332,0
1732268736.694813,0
1732268736.7086706,0
1732268736.7238,0
1732268736.7376938,0
1732268736.752691,0
1732268736.7665846,0
1732268736.7805023,0
1732268736.7958386,0
1732268736.8095748,0
1732268736.824542,0
1732268736.8381178,0
1732268736.8532321,0
1732268736.8673205,0
1732268736.8819,0
1732268736.8971255,0
1732268736.9109685,0
1732268736.926749,0
1732268736.9408298,0
1732268736.9550643,0
1732268736.9690034,0
1732268736.983183,0
1732268736.9987195,0
1732268737.0130777,0
1732268737.0284998,0
1732268737.0422914,0
1732268737.0575442,0
1732268737.0717225,0
1732268737.0870936,0
1732268737.1011853,0
1732268737.1152775,0
1732268737.13043,0
1732268737.144617,0
1732268737.15937,0
1732268737.1731136,0
1732268737.1878965,0
1732268737.20205,0
1732268737.2160244,0
1732268737.2310426,0
1732268737.2449493,0
1732268737.259665,0
1732268737.2733688,0
1732268737.2872283,0
1732268737.3019428,0
1732268737.3153725,0
1732268737.3306859,0
1732268737.344873,0
1732268737.3598998,0
1732268737.374662,0
1732268737.3882983,0
1732268737.403805,0
1732268737.4194438,0
1732268737.4348228,0
1732268737.4463775,15
1732268737.4581828,19
1732268737.4701123,22
1732268737.4822333,25
1732268737.4949708,29
1732268737.507833,35
1732268737.5219867,37
1732268737.5359497,40
1732268737.5499713,45
1732268737.5641856,51
1732268737.5775259,54
1732268737.5925791,58
1732268737.6062899,60
1732268737.6198962,61
1732268737.6346993,61
1732268737.6482801,60
1732268737.661592,60
1732268737.6756904,59
1732268737.6896768,58
1732268737.7051897,56
1732268737.7183187,57
1732268737.7323627,55
1732268737.7476003,55
1732268737.7608552,55
1732268737.774345,55
1732268737.7881916,52
1732268737.8017526,52
1732268737.8170798,50
1732268737.8313835,50
1732268737.845684,49
1732268737.8595784,46
1732268737.87332,46
1732268737.8876817,45
1732268737.9014845,45
1732268737.9158921,45
1732268737.9295933,43
1732268737.942668,43
1732268737.9564846,44
1732268737.9709268,44
1732268737.9855754,42
1732268737.9994183,40
1732268738.0130932,41
1732268738.0273008,41
1732268738.04094,40
1732268738.053884,40
1732268738.068336,40
1732268738.0813398,38
1732268738.095525,37
1732268738.1107643,35
1732268738.1249485,33
1732268738.138769,33
1732268738.1527503,30
1732268738.166432,32
1732268738.1806207,33
1732268738.1948879,34
1732268738.2094862,33
1732268738.2229612,34
1732268738.2372563,32
1732268738.2518213,30
1732268738.265286,30
1732268738.2799404,30
1732268738.2942324,27
1732268738.3081305,29
1732268738.322264,29
1732268738.3355906,30
1732268738.3494356,29
1732268738.3631158,28
1732268738.376085,27
1732268738.3900928,27
1732268738.403377,25
1732268738.416811,23
1732268738.431122,22
1732268738.4444168,26
1732268738.458111,26
1732268738.47166,30
1732268738.4846,33
1732268738.4976892,33
1732268738.5113115,30
1732268738.525285,31
1732268738.538703,37
1732268738.5538003,36
1732268738.5676508,36
1732268738.582247,35
1732268738.5963461,36
1732268738.6095068,39
1732268738.6244152,39
1732268738.637636,38
1732268738.652143,37
1732268738.6659744,37
1732268738.6794858,37
1732268738.6932495,39
1732268738.7078745,40
1732268738.7216272,40
1732268738.7365468,40
1732268738.7509701,38
1732268738.765998,37
1732268738.7807887,37
1732268738.7954428,37
1732268738.8098128,38
1732268738.82422,40
1732268738.8380024,38
1732268738.85169,37
1732268738.866359,36
1732268738.8803005,36
1732268738.8949578,36
1732268738.9100814,34
1732268738.9249926,35
1732268738.9395971,33
1732268738.955126,35
1732268738.9705656,34
1732268738.9861374,33
1732268739.0002518,31
1732268739.014017,31
1732268739.0285296,31
1732268739.0425181,30
1732268739.056902,26
1732268739.071582,27
1732268739.0857515,26
1732268739.0993,26
1732268739.1137326,25
1732268739.1292346,25
1732268739.1441503,25
1732268739.1598136,24
1732268739.1748483,21
1732268739.1888225,22
1732268739.2035906,23
1732268739.2180908,22
1732268739.232748,21
1732268739.246937,22
1732268739.2616076,22
1732268739.2762184,22
1732268739.291396,22
1732268739.306366,23
1732268739.320713,21
1732268739.3346627,22
1732268739.349451,22
1732268739.3642845,21
1732268739.3782399,21
1732268739.394004,22
1732268739.4087412,21
1732268739.4215136,22
1732268739.4359038,22
1732268739.4490604,23
1732268739.4636471,21
1732268739.4778545,23
1732268739.4920557,22
1732268739.5056376,23
1732268739.5208147,23
1732268739.5351276,22
1732268739.5496495,23
1732268739.5643756,23
1732268739.5786233,24
1732268739.5934749,20
1732268739.608452,20
1732268739.6230748,19
1732268739.6371593,18
1732268739.651658,19
1732268739.6662223,22
1732268739.6801453,22
1732268739.695046,23
1732268739.71052,22
1732268739.7250319,23
1732268739.7396069,24
1732268739.7554474,24
1732268739.770036,22
1732268739.7855406,21
1732268739.8007567,19
1732268739.8151038,19
1732268739.8299313,21
1732268739.843724,22
1732268739.8585403,21
1732268739.8722317,21
1732268739.88701,23
1732268739.9013336,25
1732268739.9162612,24
1732268739.9301598,21
1732268739.9445372,19
1732268739.9586315,19
1732268739.9726522,19
1732268739.986308,20
1732268740.0005796,24
1732268740.0162687,22
1732268740.0309694,21
1732268740.0452166,20
1732268740.0599668,22
1732268740.0754783,23
1732268740.089766,23
1732268740.1047697,22
1732268740.1202552,23
1732268740.1347458,22
1732268740.1482081,20
1732268740.1627297,17
1732268740.1768475,17
1732268740.1919115,17
1732268740.2065182,18
1732268740.2220592,20
1732268740.2385433,24
1732268740.25438,28
1732268740.268466,25
1732268740.2836297,21
1732268740.29769,19
1732268740.3119795,18
1732268740.3268256,16
1732268740.3426726,18
1732268740.3571372,21
1732268740.3716638,19
1732268740.3855455,18
1732268740.4000685,20
1732268740.415002,21
1732268740.4303021,19
1732268740.4445708,17
1732268740.4585204,17
1732268740.4735801,18
1732268740.4878247,20
1732268740.5019526,19
1732268740.5163367,19
1732268740.5303268,20
1732268740.5458827,19
1732268740.5605025,20
1732268740.5752897,19
1732268740.589777,20
1732268740.6046565,20
1732268740.6200306,21
1732268740.6339247,20
1732268740.6487033,21
1732268740.6637669,21
1732268740.6791165,20
1732268740.6938882,21
1732268740.7091093,22
1732268740.723592,22
1732268740.7391186,24
1732268740.753313,23
1732268740.7673604,22
1732268740.7823102,23
1732268740.7975624,23
1732268740.812798,23
1732268740.8282197,23
1732268740.8435383,23
1732268740.8571825,25
1732268740.8717258,24
1732268740.8854978,21
1732268740.8996527,22
1732268740.914483,24
1732268740.9285643,25
1732268740.9421666,25
1732268740.9560618,24
1732268740.9700217,26
1732268740.9846961,26
1732268740.9988837,26
1732268741.0136456,27
1732268741.0292914,26
1732268741.043744,27
1732268741.0583131,26
1732268741.073348,27
1732268741.0882995,28
1732268741.1031454,27
1732268741.117319,26
1732268741.1312628,26
1732268741.1461337,26
1732268741.1606283,25
1732268741.1750252,26
1732268741.1891234,26
1732268741.2041585,25
1732268741.218734,24
1732268741.2331777,24
1732268741.248051,26
1732268741.2657943,27
1732268741.2820296,30
1732268741.2960265,31
1732268741.3091223,34
1732268741.322968,31
1732268741.3376212,32
1732268741.3518457,29
1732268741.366121,25
1732268741.380168,25
1732268741.3949661,25
1732268741.4099133,25
1732268741.4253762,24
1732268741.440083,26
1732268741.453968,26
1732268741.4687557,26
1732268741.4835632,25
1732268741.4975998,23
1732268741.5120337,24
1732268741.526656,26
1732268741.5403154,27
1732268741.5546966,27
1732268741.570369,26
1732268741.5849967,25
1732268741.6006215,27
1732268741.6143165,27
1732268741.6285586,26
1732268741.642773,25
1732268741.658855,24
1732268741.6733894,22
1732268741.6884923,24
1732268741.7034793,24
1732268741.7172713,25
1732268741.7316585,25
1732268741.7455373,25
1732268741.7609224,25
1732268741.7764611,22
1732268741.7912002,22
1732268741.8061914,22
1732268741.8201036,23
1732268741.833749,23
1732268741.8480809,23
1732268741.8632464,21
1732268741.8778288,18
1732268741.8921955,20
1732268741.9054441,21
1732268741.9204946,21
1732268741.9359734,22
1732268741.951135,23
1732268741.966205,24
1732268741.9814148,22
1732268741.9953065,21
1732268742.009676,21
1732268742.0253506,21
1732268742.039664,20
1732268742.05343,18
1732268742.067467,17
1732268742.0822763,17
1732268742.096627,19
1732268742.1118815,21
1732268742.127349,22
1732268742.1414952,22
1732268742.1567764,20
1732268742.1718307,19
1732268742.1870413,18
1732268742.2009132,20
1732268742.2150993,19
1732268742.228437,18
1732268742.2419944,18
1732268742.2554493,20
1732268742.2698214,22
1732268742.2844133,22
1732268742.2985063,24
1732268742.3125384,22
1732268742.327055,24
1732268742.340854,23
1732268742.3554444,23
1732268742.3696172,23
1732268742.3838983,22
1732268742.397501,22
1732268742.410942,23
1732268742.424648,25
1732268742.4387002,25
1732268742.453835,25
1732268742.4677224,23
1732268742.481859,23
1732268742.4956734,25
1732268742.5105765,25
1732268742.5249522,26
1732268742.5395873,28
1732268742.5533476,29
1732268742.567683,29
1732268742.582509,27
1732268742.5968542,26
1732268742.610985,25
1732268742.6251373,25
1732268742.639102,26
1732268742.6531708,28
1732268742.6665022,28
1732268742.6810663,28
1732268742.6961029,27
1732268742.7102737,26
1732268742.7250981,26
1732268742.7408776,27
1732268742.7567565,26
1732268742.7716851,27
1732268742.7858338,28
1732268742.8001783,30
1732268742.81388,29
1732268742.8274403,28
1732268742.8411434,28
1732268742.854388,28
1732268742.868656,27
1732268742.8829806,28
1732268742.896889,27
1732268742.9116886,29
1732268742.9265664,28
1732268742.9413278,28
1732268742.9556267,29
1732268742.9709592,28
1732268742.985953,28
1732268742.9996228,27
1732268743.0141568,25
1732268743.028312,24
1732268743.0425727,26
1732268743.0572193,26
1732268743.0715914,28
1732268743.0858629,27
1732268743.1001554,26
1732268743.1142712,26
1732268743.1285586,27
1732268743.142742,27
1732268743.157046,26
1732268743.1717653,27
1732268743.1869605,30
1732268743.2016428,30
1732268743.2152526,28
1732268743.2291234,28
1732268743.243137,26
1732268743.2584963,28
1732268743.2737517,29
1732268743.2885149,29
1732268743.3026059,30
1732268743.3175116,29
1732268743.3316894,26
1732268743.3456216,26
1732268743.3593533,27
1732268743.37307,25
1732268743.3879116,27
1732268743.4018939,26
1732268743.4153244,26
1732268743.4291627,25
1732268743.4437234,25
1732268743.458135,23
1732268743.4716787,23
1732268743.485141,25
1732268743.5000546,23
1732268743.5147955,23
1732268743.5287097,23
1732268743.5428243,23
1732268743.5565355,24
1732268743.5711117,20
1732268743.5857399,20
1732268743.5999541,21
1732268743.6134706,22
1732268743.6273336,26
1732268743.6408806,25
1732268743.654873,23
1732268743.6696093,24
1732268743.6836634,23
1732268743.698389,24
1732268743.713103,20
1732268743.7275665,17
1732268743.7422063,15
1732268743.7571204,19
1732268743.7713966,18
1732268743.7854667,17
1732268743.8001711,16
1732268743.814636,16
1732268743.8290648,20
1732268743.8424838,18
1732268743.8563945,17
1732268743.8710165,15
1732268743.8860786,17
1732268743.9012861,18
1732268743.9161518,17
1732268743.930682,19
1732268743.9454632,18
1732268743.9597394,19
1732268743.9735522,18
1732268743.988385,17
1732268744.0032868,18
1732268744.0177321,17
1732268744.032559,17
1732268744.0476675,16
1732268744.0632267,15
1732268744.0760076,16
1732268744.0900557,18
1732268744.104921,18
1732268744.120018,19
1732268744.1348228,19
1732268744.1496224,20
1732268744.1646287,19
1732268744.1790683,18
1732268744.1941745,16
1732268744.2089918,19
1732268744.2245438,18
1732268744.2388144,19
1732268744.2529843,20
1732268744.2674782,20
1732268744.2825885,17
1732268744.296779,16
1732268744.311919,16
1732268744.3271744,16
1732268744.3408704,17
1732268744.3541803,17
1732268744.3678308,18
1732268744.3819332,19
1732268744.3966677,20
1732268744.4103086,19
1732268744.4237206,20
1732268744.4371707,20
1732268744.4498758,20
1732268744.463393,19
1732268744.4780958,20
1732268744.491432,19
1732268744.505728,20
1732268744.5203419,20
1732268744.5335684,22
1732268744.5480106,21
1732268744.5614636,22
1732268744.5751238,21
1732268744.589643,20
1732268744.6031194,21
1732268744.6170204,23
1732268744.630932,23
1732268744.6459002,21
1732268744.6594326,22
1732268744.6732736,23
1732268744.6874855,23
1732268744.7011786,20
1732268744.7156768,22
1732268744.7305973,23
1732268744.7439,24
1732268744.7577295,24
1732268744.7724078,24
1732268744.7859108,24
1732268744.8005884,22
1732268744.8146791,22
1732268744.8275058,22
1732268744.8419125,23
1732268744.855788,23
1732268744.869148,25
1732268744.8826458,26
1732268744.8964694,22
1732268744.910235,21
1732268744.9240758,21
1732268744.9371548,22
1732268744.9511838,23
1732268744.964918,23
1732268744.9794126,23
1732268744.9937625,23
1732268745.0069613,22
1732268745.0213704,23
1732268745.0359166,24
1732268745.0500262,23
1732268745.0642214,24
1732268745.0781925,23
1732268745.0923645,24
1732268745.1066294,24
1732268745.1211455,25
1732268745.1345508,25
1732268745.1487176,25
1732268745.1633563,23
1732268745.178979,22
1732268745.1949558,21
1732268745.209756,23
1732268745.2243693,23
1732268745.2393842,24
1732268745.2535386,24
1732268745.2673626,24
1732268745.280541,25
1732268745.2940505,25
1732268745.3077173,23
1732268745.3218055,25
1732268745.3368282,25
1732268745.3497348,21
1732268745.3633392,22
1732268745.3774068,21
1732268745.3904614,22
1732268745.4044948,23
1732268745.4184284,24
1732268745.4325082,24
1732268745.445995,24
1732268745.4598668,24
1732268745.4732103,23
1732268745.4875956,22
1732268745.5022078,23
1732268745.5178983,24
1732268745.5329356,24
1732268745.5481732,25
1732268745.562926,25
1732268745.5783627,24
1732268745.5928218,25
1732268745.6068554,23
1732268745.622292,22
1732268745.6362827,24
1732268745.651111,25
1732268745.6655517,24
1732268745.6811488,23
1732268745.6953297,23
1732268745.710829,21
1732268745.7261424,23
1732268745.7416983,23
1732268745.755865,26
1732268745.771404,24
1732268745.785754,24
1732268745.801102,23
1732268745.8158607,23
1732268745.830079,25
1732268745.8445508,27
1732268745.8602107,27
1732268745.87414,25
1732268745.8892117,26
1732268745.9030814,27
1732268745.9182472,28
1732268745.9338338,26
1732268745.948029,23
1732268745.963413,23
1732268745.978062,23
1732268745.9935083,24
1732268746.0083342,22
1732268746.0237346,23
1732268746.0378962,23
1732268746.0527098,21
1732268746.0664663,20
1732268746.080881,19
1732268746.095442,21
1732268746.1099334,21
1732268746.1233945,18
1732268746.138476,19
1732268746.1518795,19
1732268746.1670218,20
1732268746.1819732,20
1732268746.1967175,20
1732268746.2116442,19
1732268746.227251,18
1732268746.242236,20
1732268746.2582335,21
1732268746.2725613,22
1732268746.2873445,22
1732268746.3021984,20
1732268746.3172202,20
1732268746.3307934,20
1732268746.3461113,21
1732268746.36076,22
1732268746.3751166,22
1732268746.3892326,22
1732268746.4036865,21
1732268746.4184725,23
1732268746.4337792,23
1732268746.448983,24
1732268746.4637895,23
1732268746.4789128,22
1732268746.493182,23
1732268746.50823,23
1732268746.5229006,25
1732268746.5389013,24
1732268746.5538437,24
1732268746.5689752,23
1732268746.5830286,25
1732268746.5971437,25
1732268746.6117418,23
1732268746.6269126,25
1732268746.6410384,25
1732268746.6548278,26
1732268746.669324,26
1732268746.6838694,25
1732268746.6986713,24
1732268746.7132266,25
1732268746.7277033,24
1732268746.7428274,24
1732268746.757215,27
1732268746.77287,26
1732268746.7877808,26
1732268746.8031242,28
1732268746.8179142,26
1732268746.833454,27
1732268746.8483994,26
1732268746.8633487,26
1732268746.8777175,27
1732268746.8926086,26
1732268746.9071038,25
1732268746.9215918,27
1732268746.9365146,27
1732268746.9518566,28
1732268746.9661958,27
1732268746.9815257,27
1732268746.9963663,27
1732268747.0111825,27
1732268747.0269995,27
1732268747.0408025,28
1732268747.0544603,27
1732268747.0687885,27
1732268747.0833817,27
1732268747.097516,27
1732268747.1130805,25
1732268747.1283271,25
1732268747.1429198,26
1732268747.1578507,25
1732268747.1726785,24
1732268747.1869617,26
1732268747.2015877,23
1732268747.2156918,25
1732268747.2296498,25
1732268747.2439678,25
1732268747.2585108,23
1732268747.272811,23
1732268747.2868757,23
1732268747.3006415,23
1732268747.3148456,23
1732268747.3296967,25
1732268747.3443506,25
1732268747.3596766,23
1732268747.3744693,21
1732268747.3903205,21
1732268747.404174,22
1732268747.4182174,22
1732268747.4330208,21
1732268747.4476585,18
1732268747.462,20
1732268747.477351,22
1732268747.491752,22
1732268747.50645,21
1732268747.5211558,20
1732268747.5355577,22
1732268747.55004,23
1732268747.5648,19
1732268747.5800211,19
1732268747.5941262,19
1732268747.6091413,20
1732268747.623076,21
1732268747.6373727,21
1732268747.6521397,21
1732268747.6666505,21
1732268747.6811876,22
1732268747.6964884,21
1732268747.7109718,23
1732268747.725918,22
1732268747.7408729,21
1732268747.75519,18
1732268747.768935,20
1732268747.7839403,21
1732268747.7984688,24
1732268747.813292,25
1732268747.8280694,23
1732268747.843263,23
1732268747.8575659,19
1732268747.8718064,21
1732268747.8841505,21
1732268747.8972192,22
1732268747.9118328,22
1732268747.925481,23
1732268747.9393897,22
1732268747.9537232,20
1732268747.9681408,20
1732268747.9836328,22
1732268747.997408,22
1732268748.0118487,20
1732268748.0256367,21
1732268748.0396268,19
1732268748.0543728,21
1732268748.069103,20
1732268748.0843928,20
1732268748.0980556,20
1732268748.1126542,21
1732268748.1270394,18
1732268748.1405978,19
1732268748.1552706,18
1732268748.1702235,19
1732268748.1852367,18
1732268748.1989686,16
1732268748.2133243,12
1732268748.2275465,10
1732268748.2413392,13
1732268748.25598,11
1732268748.2700033,10
1732268748.2854903,11
1732268748.2993753,12
1732268748.3138418,12
1732268748.328882,13
1732268748.3432376,13
1732268748.358027,11
1732268748.3717537,10
1732268748.386609,12
1732268748.400767,11
1732268748.4159431,12
1732268748.4311924,14
1732268748.4452212,17
1732268748.4601552,15
1732268748.4751537,14
1732268748.4904184,12
1732268748.5042672,17
1732268748.519141,19
1732268748.533143,15
1732268748.547353,15
1732268748.56207,14
1732268748.5768447,7
1732268748.5917282,11
1732268748.6061838,7
1732268748.6222415,11
1732268748.6367645,7
1732268748.652659,12
1732268748.6659703,11
1732268748.6816945,8
1732268748.6961544,9
1732268748.7114687,10
1732268748.7256613,12
1732268748.7400782,11
1732268748.7549553,10
1732268748.7695863,10
1732268748.7845747,11
1732268748.7987795,10
1732268748.8137422,9
1732268748.8275588,3
1732268748.8410292,5
1732268748.8555703,1
1732268748.8696244,0
1732268748.8854449,0
1732268748.8978918,6
1732268748.9126434,6
1732268748.9276857,6
1732268748.9430585,6
1732268748.9584818,8
1732268748.973672,8
1732268748.9871182,8
1732268749.0021117,8
1732268749.0168028,8
1732268749.0312912,8
