1731927407.224072,0
1731927407.2370687,0
1731927407.2498248,0
1731927407.2625487,0
1731927407.2740319,0
1731927407.2854755,0
1731927407.2972324,0
1731927407.3107584,0
1731927407.322473,0
1731927407.3348188,0
1731927407.3470638,0
1731927407.3610122,0
1731927407.3738003,0
1731927407.385839,0
1731927407.399045,0
1731927407.4139931,0
1731927407.4259405,0
1731927407.4378154,0
1731927407.4507802,0
1731927407.4636009,0
1731927407.4764717,0
1731927407.4897475,0
1731927407.510055,0
1731927407.5229356,0
1731927407.534422,0
1731927407.5468478,0
1731927407.5597734,0
1731927407.5747795,0
1731927407.586116,0
1731927407.5980282,0
1731927407.6137846,0
1731927407.6253688,0
1731927407.6367626,0
1731927407.6482735,0
1731927407.6604314,0
1731927407.6742806,0
1731927407.6859524,0
1731927407.6984491,0
1731927407.7135136,0
1731927407.7261302,0
1731927407.7388434,0
1731927407.751389,0
1731927407.7684646,0
1731927407.78222,0
1731927407.7964892,0
1731927407.8097315,0
1731927407.822312,0
1731927407.8349388,0
1731927407.8491948,0
1731927407.86058,0
1731927407.872326,0
1731927407.886444,0
1731927407.898632,0
1731927407.9103665,0
1731927407.9218035,0
1731927407.9353426,0
1731927407.9478235,0
1731927407.9600172,0
1731927407.972695,0
1731927407.9893887,0
1731927408.0010111,0
1731927408.0133152,0
1731927408.026065,0
1731927408.0408065,0
1731927408.053017,0
1731927408.068979,0
1731927408.0812159,0
1731927408.0984168,0
1731927408.110732,0
1731927408.1228826,0
1731927408.1364617,0
1731927408.1501884,0
1731927408.1621485,0
1731927408.1767128,0
1731927408.1891158,0
1731927408.2007184,0
1731927408.2145064,0
1731927408.2405186,0
1731927408.2565928,6
1731927408.2721386,21
1731927408.2844362,9
1731927408.300547,15
1731927408.3138335,16
1731927408.3252873,21
1731927408.3406112,23
1731927408.3544211,24
1731927408.3663952,24
1731927408.384052,23
1731927408.4032235,24
1731927408.4177454,24
1731927408.4360602,23
1731927408.4494355,24
1731927408.467239,24
1731927408.4824862,26
1731927408.4976852,25
1731927408.512397,25
1731927408.5251393,25
1731927408.537748,25
1731927408.54957,25
1731927408.562464,27
1731927408.5763621,25
1731927408.5904133,26
1731927408.605296,26
1731927408.6191401,26
1731927408.6348124,26
1731927408.6481056,28
1731927408.6598616,27
1731927408.6720257,27
1731927408.6869905,27
1731927408.700536,28
1731927408.725105,29
1731927408.739149,28
1731927408.757737,28
1731927408.7714143,29
1731927408.787692,30
1731927408.802222,30
1731927408.8173134,29
1731927408.832631,29
1731927408.8515513,29
1731927408.8674362,28
1731927408.8820033,31
1731927408.893297,30
1731927408.9077888,30
1731927408.920584,30
1731927408.9374201,29
1731927408.954786,31
1731927408.9716537,32
1731927408.9845052,31
1731927409.0012338,32
1731927409.013666,31
1731927409.0287154,31
1731927409.042772,32
1731927409.0544283,33
1731927409.0697687,33
1731927409.0815246,33
1731927409.0937486,32
1731927409.1054997,32
1731927409.1203415,32
1731927409.1332638,32
1731927409.1496935,33
1731927409.164101,33
1731927409.177059,32
1731927409.1937034,33
1731927409.205309,33
1731927409.2205698,32
1731927409.2335742,34
1731927409.2464855,34
1731927409.2627583,35
1731927409.274873,35
1731927409.2864773,35
1731927409.3011756,35
1731927409.315022,34
1731927409.326611,34
1731927409.3447835,36
1731927409.3566887,36
1731927409.3692913,36
1731927409.385735,36
1731927409.3977005,34
1731927409.412526,34
1731927409.4253604,35
1731927409.4385676,35
1731927409.4535623,35
1731927409.4661653,37
1731927409.4776394,35
1731927409.4897892,35
1731927409.506476,35
1731927409.5183415,36
1731927409.5304072,36
1731927409.5471473,37
1731927409.559031,37
1731927409.5778344,38
1731927409.5897145,38
1731927409.604922,37
1731927409.618057,36
1731927409.6304927,38
1731927409.647481,39
1731927409.6594796,37
1731927409.676603,39
1731927409.6884515,39
1731927409.7010384,39
1731927409.714629,38
1731927409.7299273,39
1731927409.7443185,38
1731927409.7573025,40
1731927409.7700012,39
1731927409.7823155,39
1731927409.7956347,40
1731927409.8099508,40
1731927409.821668,40
1731927409.8352673,39
1731927409.8496187,40
1731927409.8657317,41
1731927409.881207,40
1731927409.8956132,41
1731927409.9087045,40
1731927409.9208946,39
1731927409.9325728,40
1731927409.9464602,40
1731927409.9579554,41
1731927409.9726818,42
1731927409.9855773,41
1731927409.9996655,41
1731927410.0124679,41
1731927410.0257657,42
1731927410.0415924,41
1731927410.056466,40
1731927410.0717084,43
1731927410.086567,43
1731927410.0988076,43
1731927410.114345,42
1731927410.1297321,41
1731927410.1452985,42
1731927410.157803,42
1731927410.1720393,42
1731927410.1862135,42
1731927410.1996808,41
1731927410.2131379,43
1731927410.2249377,43
1731927410.2388797,44
1731927410.2531984,44
1731927410.266031,43
1731927410.2799969,44
1731927410.292523,43
1731927410.3045409,44
1731927410.3169231,44
1731927410.3339229,44
1731927410.3468266,44
1731927410.3606946,44
1731927410.3744297,45
1731927410.3868556,45
1731927410.3997693,44
1731927410.4119654,44
1731927410.428778,45
1731927410.4508452,45
1731927410.473198,45
1731927410.4879682,45
1731927410.5053725,44
1731927410.5230708,45
1731927410.5363286,44
1731927410.5508826,46
1731927410.5680945,47
1731927410.588229,46
1731927410.6014552,45
1731927410.615057,46
1731927410.6285598,45
1731927410.6434627,47
1731927410.656441,46
1731927410.670882,46
1731927410.688107,47
1731927410.708191,46
1731927410.729328,47
1731927410.7424803,46
1731927410.7569098,48
1731927410.7698514,47
1731927410.7836761,47
1731927410.7998648,48
1731927410.8157573,47
1731927410.8281476,47
1731927410.8406231,49
1731927410.8528767,49
1731927410.8668833,47
1731927410.8807578,48
1731927410.8972976,48
1731927410.9104483,47
1731927410.9232705,48
1731927410.9366794,50
1731927410.9484496,50
1731927410.9602132,48
1731927410.9724388,50
1731927410.9867377,49
1731927411.0089235,49
1731927411.0223455,49
1731927411.0349903,49
1731927411.0500488,50
1731927411.0633214,49
1731927411.0767043,49
1731927411.0904653,50
1731927411.1040134,50
1731927411.1197345,50
1731927411.1318612,49
1731927411.1457193,50
1731927411.1593494,49
1731927411.1741996,51
1731927411.1905477,51
1731927411.2033281,52
1731927411.2207103,51
1731927411.2377791,51
1731927411.2536035,52
1731927411.2707245,51
1731927411.2849703,50
1731927411.2990296,51
1731927411.3179016,51
1731927411.331481,53
1731927411.3456547,53
1731927411.3587239,52
1731927411.3733258,52
1731927411.3864164,51
1731927411.4011886,53
1731927411.4141786,52
1731927411.4283466,51
1731927411.4419196,52
1731927411.454192,51
1731927411.4671302,54
1731927411.4800293,53
1731927411.4930713,52
1731927411.5080988,54
1731927411.522304,53
1731927411.539372,52
1731927411.553724,52
1731927411.566689,53
1731927411.5806668,54
1731927411.593985,53
1731927411.6062026,53
1731927411.6189823,52
1731927411.6327453,54
1731927411.6461778,55
1731927411.6600595,54
1731927411.672702,55
1731927411.6873705,55
1731927411.701584,53
1731927411.7163641,55
1731927411.7296546,54
1731927411.745839,55
1731927411.7589786,54
1731927411.772251,56
1731927411.7849808,55
1731927411.8001022,55
1731927411.8171005,56
1731927411.8345962,60
1731927411.8541453,61
1731927411.8705637,63
1731927411.8861597,64
1731927411.9051363,59
1731927411.924469,59
1731927411.9390206,58
1731927411.9531558,57
1731927411.9668148,57
1731927411.9827816,55
1731927411.9954553,57
1731927412.0100071,57
1731927412.0243158,55
1731927412.0386064,57
1731927412.0516112,57
1731927412.0653062,56
1731927412.0788121,57
1731927412.0919328,57
1731927412.1061368,57
1731927412.120197,57
1731927412.1327207,57
1731927412.1455204,58
1731927412.1583989,57
1731927412.1708767,57
1731927412.1858282,57
1731927412.1989448,59
1731927412.2141535,58
1731927412.2271333,59
1731927412.2418365,58
1731927412.254721,59
1731927412.2720788,57
1731927412.2912972,58
1731927412.3101842,58
1731927412.3243625,58
1731927412.338088,59
1731927412.3541682,59
1731927412.3669596,60
1731927412.381083,59
1731927412.3932443,58
1731927412.4093988,59
1731927412.4223428,58
1731927412.4343271,58
1731927412.4469054,60
1731927412.4600213,59
1731927412.4744263,59
1731927412.495092,58
1731927412.5104334,60
1731927412.5246177,59
1731927412.5381575,60
1731927412.5513728,60
1731927412.5649517,61
1731927412.577658,60
1731927412.5895042,60
1731927412.6046422,60
1731927412.6189415,60
1731927412.6336505,60
1731927412.646466,59
1731927412.65911,62
1731927412.6739614,62
1731927412.6868317,61
1731927412.701389,61
1731927412.7135904,61
1731927412.7251754,61
1731927412.737504,61
1731927412.7505267,60
1731927412.765539,62
1731927412.7791932,61
1731927412.7909496,62
1731927412.8057494,61
1731927412.819631,62
1731927412.83326,63
1731927412.8478196,63
1731927412.8617518,62
1731927412.876081,62
1731927412.8886511,58
1731927412.9006338,61
1731927412.9192102,63
1731927412.934391,62
1731927412.9476273,64
1731927412.9606068,63
1731927412.9742813,64
1731927412.9891498,64
1731927413.0035744,64
1731927413.0225914,65
1731927413.0417943,65
1731927413.0547266,65
1731927413.0715566,65
1731927413.0842676,65
1731927413.0973413,66
1731927413.110369,67
1731927413.1229222,66
1731927413.1351383,66
1731927413.147781,66
1731927413.1628797,66
1731927413.178893,67
1731927413.19143,68
1731927413.2034743,67
1731927413.2194319,68
1731927413.2320533,69
1731927413.2468693,69
1731927413.2605267,71
1731927413.2734902,70
1731927413.2852964,70
1731927413.2997475,71
1731927413.3130457,72
1731927413.3285792,71
1731927413.343459,72
1731927413.3558187,72
1731927413.370301,73
1731927413.3858705,73
1731927413.4055371,75
1731927413.4236748,75
1731927413.4366627,74
1731927413.4488637,75
1731927413.4631953,75
1731927413.4768949,77
1731927413.49055,75
1731927413.5048144,76
1731927413.5182126,78
1731927413.5319536,76
1731927413.5466707,79
1731927413.5627723,78
1731927413.586362,79
1731927413.6037745,80
1731927413.6176217,80
1731927413.6334908,80
1731927413.649601,81
1731927413.6636767,80
1731927413.677323,82
1731927413.6905859,81
1731927413.7054498,83
1731927413.7188766,83
1731927413.7322774,83
1731927413.744728,85
1731927413.7575924,84
1731927413.7702901,84
1731927413.7829187,86
1731927413.796605,85
1731927413.8092418,85
1731927413.8213654,85
1731927413.833663,88
1731927413.8500657,87
1731927413.8664722,89
1731927413.8800251,89
1731927413.894736,90
1731927413.9099367,89
1731927413.924297,90
1731927413.938341,91
1731927413.9542186,91
1731927413.9696605,92
1731927413.9845037,93
1731927414.0001109,92
1731927414.020707,94
1731927414.036262,94
1731927414.051158,95
1731927414.0656476,96
1731927414.0773547,96
1731927414.089779,97
1731927414.1017427,97
1731927414.1179132,97
1731927414.131537,97
1731927414.1450367,97
1731927414.1578705,99
1731927414.1755857,99
1731927414.1898239,99
1731927414.2053607,101
1731927414.2196064,102
1731927414.2319415,101
1731927414.2447762,102
1731927414.2575376,101
1731927414.2725306,104
1731927414.2851636,103
1731927414.2995255,105
1731927414.3145337,103
1731927414.3323207,105
1731927414.3463402,105
1731927414.3611794,105
1731927414.3745697,104
1731927414.3892083,103
1731927414.405811,104
1731927414.4207103,104
1731927414.4332771,105
1731927414.4472537,103
1731927414.4606738,104
1731927414.4758656,103
1731927414.492413,98
1731927414.5107887,94
1731927414.523968,91
1731927414.538307,86
1731927414.552249,84
1731927414.5656374,80
1731927414.5789328,77
1731927414.5916994,74
1731927414.6055167,75
1731927414.6197617,75
1731927414.634098,74
1731927414.6464376,75
1731927414.6578875,75
1731927414.6722345,75
1731927414.6852288,75
1731927414.698558,74
1731927414.7141445,75
1731927414.7264495,76
1731927414.7381191,75
1731927414.7528484,76
1731927414.7672417,76
1731927414.7805943,77
1731927414.7932186,76
1731927414.8069131,77
1731927414.8184845,78
1731927414.8315392,77
1731927414.8448682,77
1731927414.8569434,77
1731927414.8721578,79
1731927414.8873227,79
1731927414.901598,78
1731927414.9185164,79
1731927414.9332159,80
1731927414.9483922,80
1731927414.9663453,80
1731927414.9799194,81
1731927414.9923418,80
1731927415.0063376,81
1731927415.0192149,80
1731927415.0318172,82
1731927415.0458732,81
1731927415.0599885,82
1731927415.073015,82
1731927415.0864763,83
1731927415.1006908,83
1731927415.1150973,83
1731927415.1312065,82
1731927415.1461413,83
1731927415.158915,84
1731927415.1714032,84
1731927415.1846468,83
1731927415.1984782,84
1731927415.2114549,84
1731927415.2237077,84
1731927415.2389894,83
1731927415.2519543,85
1731927415.2657056,86
1731927415.28108,85
1731927415.2971811,86
1731927415.3151422,87
1731927415.3352885,86
1731927415.3515797,86
1731927415.3664546,87
1731927415.3803558,87
1731927415.3926587,87
1731927415.4069154,87
1731927415.4211442,89
1731927415.436035,88
1731927415.4521308,88
1731927415.4640613,89
1731927415.4790535,90
1731927415.4924653,89
1731927415.508511,89
1731927415.5256298,90
1731927415.544885,90
1731927415.559181,91
1731927415.5735745,91
1731927415.5864916,90
1731927415.6015177,91
1731927415.6159925,91
1731927415.6320412,92
1731927415.6444051,91
1731927415.657888,93
1731927415.6705952,92
1731927415.6843946,93
1731927415.698301,92
1731927415.712634,92
1731927415.7264664,93
1731927415.7391667,93
1731927415.7542422,93
1731927415.770703,93
1731927415.785554,94
1731927415.7984262,95
1731927415.812521,94
1731927415.8298042,95
1731927415.843859,95
1731927415.8570766,95
1731927415.8738954,96
1731927415.8885317,96
1731927415.9040403,96
1731927415.9203649,96
1731927415.936847,97
1731927415.9499106,96
1731927415.9629948,97
1731927415.9767587,97
1731927415.9888675,97
1731927416.0045993,98
1731927416.0190601,98
1731927416.0341663,97
1731927416.0471349,98
1731927416.0598366,97
1731927416.0731902,98
1731927416.0900912,99
1731927416.1061175,98
1731927416.1233456,99
1731927416.139936,100
1731927416.1592615,98
1731927416.1811593,99
1731927416.1965535,99
1731927416.214134,99
1731927416.2283614,99
1731927416.2423625,101
1731927416.2588892,101
1731927416.272691,100
1731927416.2868376,100
1731927416.304712,101
1731927416.3175704,100
1731927416.3325422,100
1731927416.3472316,101
1731927416.3598337,100
1731927416.3733358,101
1731927416.3859131,101
1731927416.4013023,101
1731927416.4155207,101
1731927416.4317462,101
1731927416.4497023,102
1731927416.469147,101
1731927416.4844112,103
1731927416.4983864,103
1731927416.5119143,102
1731927416.5240822,102
1731927416.53793,102
1731927416.5502813,102
1731927416.5681348,101
1731927416.5809054,104
1731927416.5960178,104
1731927416.6089509,103
1731927416.6222696,104
1731927416.6375525,103
1731927416.6518934,103
1731927416.665866,104
1731927416.6783774,103
1731927416.6909175,103
1731927416.70627,103
1731927416.7196782,105
1731927416.732498,104
1731927416.7459717,105
1731927416.7590516,104
1731927416.77235,105
1731927416.7870555,105
1731927416.8011937,105
1731927416.8139331,104
1731927416.8280756,105
1731927416.8435018,104
1731927416.8584824,104
1731927416.8719456,105
1731927416.8863924,105
1731927416.9043334,104
1731927416.9193933,104
1731927416.9342449,104
1731927416.9501007,104
1731927416.964437,104
1731927416.9789162,104
1731927416.9949281,101
1731927417.0123682,98
1731927417.0263646,94
1731927417.041225,90
1731927417.0537436,87
1731927417.0680535,84
1731927417.0830846,79
1731927417.0967088,76
1731927417.1140983,72
1731927417.1295555,72
1731927417.146945,72
1731927417.1623282,71
1731927417.1861472,72
1731927417.2018878,71
1731927417.2172568,73
1731927417.2349288,72
1731927417.2475898,72
1731927417.259772,72
1731927417.2720675,71
1731927417.2844818,73
1731927417.297634,72
1731927417.3109415,74
1731927417.324188,73
1731927417.3382938,74
1731927417.3531914,73
1731927417.367807,73
1731927417.381538,74
1731927417.3950944,73
1731927417.4103668,75
1731927417.4262838,74
1731927417.438964,74
1731927417.4519577,75
1731927417.4646294,74
1731927417.4767838,74
1731927417.4935548,74
1731927417.507383,74
1731927417.5219607,74
1731927417.5378528,75
1731927417.554412,75
1731927417.5691562,75
1731927417.5846248,74
1731927417.5969365,76
1731927417.6135762,75
1731927417.6393602,76
1731927417.6527197,77
1731927417.6651075,77
1731927417.6777718,78
1731927417.6918075,78
1731927417.705558,76
1731927417.7237077,76
1731927417.7442062,77
1731927417.7570453,78
1731927417.7757926,77
1731927417.7896404,78
1731927417.80307,79
1731927417.8152363,79
1731927417.8275867,79
1731927417.8414202,77
1731927417.8545113,79
1731927417.8711932,78
1731927417.8882434,80
1731927417.9087186,79
1731927417.9237833,79
1731927417.9381557,78
1731927417.9544597,79
1731927417.9670038,78
1731927417.9789002,80
1731927417.9915552,79
1731927418.0070808,80
1731927418.0215168,80
1731927418.034348,80
1731927418.0475497,80
1731927418.059474,81
1731927418.075299,81
1731927418.0869274,82
1731927418.100272,81
1731927418.1159174,82
1731927418.1308362,81
1731927418.1479712,82
1731927418.1638842,82
1731927418.1795611,81
1731927418.193939,82
1731927418.2069113,82
1731927418.219156,81
1731927418.2313678,81
1731927418.2541547,82
1731927418.2691736,83
1731927418.2808323,82
1731927418.2951262,84
1731927418.309387,84
1731927418.3207922,82
1731927418.3327656,83
1731927418.3547873,82
1731927418.372918,83
1731927418.3859603,83
1731927418.3979108,83
1731927418.4101765,84
1731927418.4221168,84
1731927418.435757,84
1731927418.4511986,84
1731927418.4641116,85
1731927418.4784412,83
1731927418.495977,83
1731927418.5119157,85
1731927418.5244555,85
1731927418.537714,86
1731927418.5504072,85
1731927418.5643811,85
1731927418.5768466,85
1731927418.5943372,85
