1731927381.7341247,0
1731927381.7468343,0
1731927381.7609122,0
1731927381.7749503,0
1731927381.7878883,0
1731927381.8006663,0
1731927381.8137808,0
1731927381.8258274,0
1731927381.8393624,0
1731927381.8515255,0
1731927381.8649359,0
1731927381.877881,0
1731927381.8916993,0
1731927381.906195,0
1731927381.9193156,0
1731927381.9324284,0
1731927381.946472,0
1731927381.9617682,0
1731927381.9774344,0
1731927381.989893,0
1731927382.001993,0
1731927382.0174654,0
1731927382.0305638,0
1731927382.0440128,0
1731927382.058926,0
1731927382.0707195,0
1731927382.0846965,0
1731927382.0967612,0
1731927382.1087964,0
1731927382.1202993,0
1731927382.1328073,0
1731927382.1451387,0
1731927382.1590106,0
1731927382.1715195,0
1731927382.1844184,0
1731927382.1979136,0
1731927382.2102087,0
1731927382.2223427,0
1731927382.234045,0
1731927382.2456403,0
1731927382.2590637,0
1731927382.2710245,0
1731927382.2855875,0
1731927382.3045385,0
1731927382.3180065,0
1731927382.3304667,0
1731927382.342476,0
1731927382.3571553,0
1731927382.3731637,0
1731927382.3869543,0
1731927382.399476,0
1731927382.4116576,0
1731927382.4261613,0
1731927382.442056,0
1731927382.454586,0
1731927382.4681904,0
1731927382.4812286,0
1731927382.4928582,0
1731927382.504855,0
1731927382.5169566,0
1731927382.5294876,0
1731927382.5413709,0
1731927382.554375,0
1731927382.5663655,0
1731927382.5807052,0
1731927382.5952966,0
1731927382.6071606,0
1731927382.6209462,0
1731927382.633928,0
1731927382.6462543,0
1731927382.659016,0
1731927382.6722827,0
1731927382.6855874,0
1731927382.6979198,0
1731927382.7100747,0
1731927382.7230074,0
1731927382.7388747,1
1731927382.752681,11
1731927382.7650516,5
1731927382.7765203,5
1731927382.7884977,15
1731927382.800334,14
1731927382.8160594,16
1731927382.830003,22
1731927382.8421667,27
1731927382.8560345,28
1731927382.8694937,27
1731927382.8821065,26
1731927382.8948548,28
1731927382.9071245,27
1731927382.919822,28
1731927382.9329243,27
1731927382.9456177,29
1731927382.9596946,27
1731927382.9724593,29
1731927382.9858418,29
1731927382.9980607,28
1731927383.0107405,30
1731927383.0235412,29
1731927383.03688,29
1731927383.0491478,28
1731927383.0621238,30
1731927383.074918,29
1731927383.08812,31
1731927383.099951,29
1731927383.111898,29
1731927383.125924,30
1731927383.140685,30
1731927383.1541984,30
1731927383.1700175,29
1731927383.1856039,32
1731927383.1981928,31
1731927383.2098331,32
1731927383.2222006,31
1731927383.234733,31
1731927383.2471986,32
1731927383.2591827,32
1731927383.2711248,32
1731927383.2840204,31
1731927383.2961764,31
1731927383.308329,33
1731927383.3202798,31
1731927383.332804,31
1731927383.3459902,34
1731927383.3589773,33
1731927383.3723576,34
1731927383.3848891,33
1731927383.3972507,33
1731927383.4090376,33
1731927383.4210308,33
1731927383.4338589,33
1731927383.446314,33
1731927383.4595158,34
1731927383.4717238,34
1731927383.4849756,34
1731927383.4978952,35
1731927383.510325,34
1731927383.5220625,35
1731927383.5342326,33
1731927383.5458465,36
1731927383.5576782,34
1731927383.5716546,35
1731927383.584118,35
1731927383.5969956,36
1731927383.6088712,36
1731927383.6215384,36
1731927383.636811,34
1731927383.6494107,36
1731927383.6623294,37
1731927383.674346,37
1731927383.6865358,37
1731927383.698553,37
1731927383.7111251,37
1731927383.7229536,37
1731927383.7350178,37
1731927383.7468874,36
1731927383.7604446,37
1731927383.7737894,38
1731927383.7893968,38
1731927383.8041606,37
1731927383.821209,37
1731927383.8347034,38
1731927383.846868,39
1731927383.8599813,38
1731927383.873184,37
1731927383.886414,38
1731927383.8991528,37
1731927383.9117756,39
1731927383.9256,38
1731927383.939199,39
1731927383.9524717,39
1731927383.9647493,38
1731927383.9766152,39
1731927383.9888022,38
1731927384.0007648,39
1731927384.0127363,39
1731927384.024566,39
1731927384.036495,39
1731927384.0497844,39
1731927384.0626113,39
1731927384.075297,39
1731927384.087995,40
1731927384.1010673,41
1731927384.113092,41
1731927384.125577,40
1731927384.1376338,41
1731927384.1499474,41
1731927384.1629689,40
1731927384.1755943,39
1731927384.1880317,42
1731927384.2003253,42
1731927384.2125142,42
1731927384.225482,41
1731927384.237967,41
1731927384.2496705,41
1731927384.2624996,41
1731927384.2761145,42
1731927384.2903266,43
1731927384.3050745,42
1731927384.3198078,42
1731927384.3340993,43
1731927384.346098,42
1731927384.3582258,42
1731927384.3727276,42
1731927384.3865745,43
1731927384.3995078,42
1731927384.411292,42
1731927384.4239948,43
1731927384.4375565,44
1731927384.4515681,42
1731927384.464549,44
1731927384.4778333,43
1731927384.4898348,43
1731927384.5015285,43
1731927384.5161753,44
1731927384.528667,44
1731927384.5407603,44
1731927384.5522492,44
1731927384.5658748,45
1731927384.5787044,45
1731927384.5909154,44
1731927384.6028306,45
1731927384.616973,45
1731927384.6296477,44
1731927384.6417747,45
1731927384.6536765,46
1731927384.665796,45
1731927384.6785748,45
1731927384.6924758,45
1731927384.7053518,45
1731927384.717852,45
1731927384.7327242,45
1731927384.744997,44
1731927384.758958,45
1731927384.7712216,44
1731927384.7833984,45
1731927384.796665,46
1731927384.808666,47
1731927384.820953,46
1731927384.8328292,47
1731927384.8448613,47
1731927384.8587425,45
1731927384.8751955,47
1731927384.888686,47
1731927384.9007664,47
1731927384.912748,48
1731927384.9248574,48
1731927384.938086,47
1731927384.9507341,46
1731927384.967816,48
1731927384.9817595,47
1731927384.994343,46
1731927385.0081534,48
1731927385.0210147,47
1731927385.032499,48
1731927385.0443604,48
1731927385.0572278,47
1731927385.070225,49
1731927385.082575,47
1731927385.0961273,48
1731927385.1091712,47
1731927385.1219168,47
1731927385.1339533,49
1731927385.1463675,50
1731927385.15979,49
1731927385.1732426,50
1731927385.1855989,49
1731927385.1988244,49
1731927385.2105844,49
1731927385.2241905,49
1731927385.237376,49
1731927385.2501955,50
1731927385.2636037,49
1731927385.2752256,50
1731927385.2878008,50
1731927385.300545,49
1731927385.3144698,50
1731927385.3274589,49
1731927385.3421352,51
1731927385.3536332,51
1731927385.3653936,51
1731927385.3774574,51
1731927385.3905966,50
1731927385.4029627,51
1731927385.4157686,50
1731927385.428789,52
1731927385.4409738,51
1731927385.4529257,52
1731927385.4652288,51
1731927385.4767513,52
1731927385.4931064,51
1731927385.505592,50
1731927385.5179863,52
1731927385.532826,53
1731927385.544894,53
1731927385.557478,51
1731927385.570314,53
1731927385.5829906,52
1731927385.5955615,52
1731927385.6085327,53
1731927385.6208613,53
1731927385.636223,52
1731927385.6494787,51
1731927385.6616402,51
1731927385.6742733,54
1731927385.6868584,54
1731927385.6992586,54
1731927385.7114382,53
1731927385.7242088,53
1731927385.736356,53
1731927385.7488725,52
1731927385.7618728,54
1731927385.7741973,53
1731927385.7861514,53
1731927385.800779,54
1731927385.8150833,54
1731927385.8275216,53
1731927385.8406494,54
1731927385.8525608,54
1731927385.8651392,53
1731927385.877917,55
1731927385.8895845,55
1731927385.901949,53
1731927385.91481,54
1731927385.9270527,54
1731927385.93989,54
1731927385.9529848,55
1731927385.9658434,55
1731927385.977672,55
1731927385.9903593,55
1731927386.0034106,54
1731927386.0163157,55
1731927386.0288522,55
1731927386.0404136,56
1731927386.0529535,55
1731927386.065322,55
1731927386.0783072,54
1731927386.090333,54
1731927386.1031477,57
1731927386.1154156,57
1731927386.127892,56
1731927386.140537,56
1731927386.1533563,55
1731927386.1653802,55
1731927386.1780806,57
1731927386.1909022,56
1731927386.2032156,56
1731927386.2161608,56
1731927386.2291043,57
1731927386.2416344,56
1731927386.254102,56
1731927386.2684145,57
1731927386.2809062,57
1731927386.292692,57
1731927386.3056269,57
1731927386.3174562,57
1731927386.3303823,58
1731927386.3421462,56
1731927386.3535488,57
1731927386.3657455,57
1731927386.3809743,57
1731927386.3957248,59
1731927386.4103515,59
1731927386.4270475,58
1731927386.4410355,58
1731927386.453847,58
1731927386.4663675,59
1731927386.4780211,62
1731927386.4928794,65
1731927386.5066178,65
1731927386.5192358,64
1731927386.534205,63
1731927386.5470903,60
1731927386.5592685,59
1731927386.5766835,59
1731927386.5909455,59
1731927386.6051946,58
1731927386.6174164,58
1731927386.630062,60
1731927386.6428387,59
1731927386.6554148,59
1731927386.6676748,59
1731927386.6797915,59
1731927386.692499,59
1731927386.705134,60
1731927386.7170033,61
1731927386.729905,61
1731927386.7413588,61
1731927386.7536306,61
1731927386.7671227,60
1731927386.7798157,59
1731927386.7915404,60
1731927386.8050556,61
1731927386.817234,60
1731927386.8297937,60
1731927386.8417177,60
1731927386.8541262,60
1731927386.8663824,60
1731927386.879187,62
1731927386.893136,61
1731927386.9057376,60
1731927386.9191585,62
1731927386.931901,61
1731927386.9447253,62
1731927386.9574432,62
1731927386.9710245,61
1731927386.9831264,60
1731927386.9962707,62
1731927387.0084975,61
1731927387.0206194,61
1731927387.0323224,62
1731927387.0437784,62
1731927387.0578594,63
1731927387.0709941,62
1731927387.0840902,63
1731927387.098202,61
1731927387.1121683,62
1731927387.1243954,62
1731927387.137371,63
1731927387.149489,63
1731927387.161709,61
1731927387.1745694,62
1731927387.1874988,63
1731927387.1996615,63
1731927387.2116992,63
1731927387.224562,62
1731927387.2381763,63
1731927387.2538135,64
1731927387.269096,64
1731927387.2824404,62
1731927387.2954109,64
1731927387.3087554,63
1731927387.3209982,62
1731927387.3331082,62
1731927387.3461208,65
1731927387.3610287,64
1731927387.373432,64
1731927387.3877423,65
1731927387.4006913,64
1731927387.412164,65
1731927387.423581,66
1731927387.436347,65
1731927387.4499488,66
1731927387.4621804,67
1731927387.4741204,67
1731927387.486267,66
1731927387.4980483,66
1731927387.5115716,67
1731927387.5237184,67
1731927387.5376573,68
1731927387.5518887,69
1731927387.5639665,69
1731927387.5764246,69
1731927387.590182,69
1731927387.6036124,69
1731927387.6159222,69
1731927387.6293714,71
1731927387.6425304,70
1731927387.6553185,70
1731927387.6671462,71
1731927387.685166,71
1731927387.6969464,73
1731927387.7090435,73
1731927387.725853,72
1731927387.740117,72
1731927387.7542443,73
1731927387.7665052,74
1731927387.7783635,74
1731927387.7921736,74
1731927387.8069737,75
1731927387.8203626,76
1731927387.8342068,75
1731927387.8471165,76
1731927387.858726,76
1731927387.8722625,77
1731927387.886054,78
1731927387.8984056,78
1731927387.9102955,79
1731927387.9254427,79
1731927387.9391563,79
1731927387.9522617,79
1731927387.9655027,78
1731927387.9775991,78
1731927387.9896066,79
1731927388.001581,80
1731927388.0152843,82
1731927388.0275602,81
1731927388.0397937,81
1731927388.0534856,83
1731927388.0676372,83
1731927388.0837502,83
1731927388.0980763,83
1731927388.110044,83
1731927388.123071,83
1731927388.1373544,83
1731927388.1501768,86
1731927388.1633527,85
1731927388.1757092,85
1731927388.1886163,87
1731927388.200499,85
1731927388.211946,86
1731927388.2257273,88
1731927388.23852,87
1731927388.2515302,89
1731927388.264988,88
1731927388.278004,87
1731927388.2905946,90
1731927388.3024793,90
1731927388.3143773,89
1731927388.3264096,89
1731927388.3407307,91
1731927388.3522851,91
1731927388.3652046,91
1731927388.3782349,93
1731927388.390146,93
1731927388.4028187,93
1731927388.417649,93
1731927388.430714,93
1731927388.4429116,95
1731927388.455229,95
1731927388.4702275,95
1731927388.4828308,94
1731927388.4955378,97
1731927388.509969,97
1731927388.523063,97
1731927388.5355568,97
1731927388.5511982,99
1731927388.5642478,98
1731927388.5761416,99
1731927388.5905187,99
1731927388.603452,101
1731927388.6155846,101
1731927388.629947,102
1731927388.6421478,102
1731927388.6544662,102
1731927388.6662512,103
1731927388.6785433,104
1731927388.6914632,103
1731927388.7036176,104
1731927388.7163177,104
1731927388.7295501,104
1731927388.7421489,105
1731927388.7550328,104
1731927388.7676318,104
1731927388.781477,105
1731927388.795987,103
1731927388.808273,104
1731927388.8216584,103
1731927388.8337898,103
1731927388.8461092,103
1731927388.8580067,104
1731927388.8712661,104
1731927388.8842366,103
1731927388.8969057,99
1731927388.9088376,97
1731927388.920903,94
1731927388.9348729,90
1731927388.9474907,87
1731927388.9604917,84
1731927388.9751508,80
1731927388.9891403,76
1731927389.003456,73
1731927389.0165582,75
1731927389.0292401,75
1731927389.0416284,75
1731927389.0554333,75
1731927389.0692463,74
1731927389.0851235,74
1731927389.097837,73
1731927389.1105425,76
1731927389.12659,76
1731927389.1391973,75
1731927389.155157,75
1731927389.1692853,77
1731927389.1847985,77
1731927389.1980364,77
1731927389.2105184,77
1731927389.2257369,77
1731927389.2391648,78
1731927389.2524674,78
1731927389.2656655,78
1731927389.2807376,78
1731927389.2969053,79
1731927389.309432,79
1731927389.325937,79
1731927389.3392034,80
1731927389.3525205,79
1731927389.3692446,79
1731927389.3837776,79
1731927389.399125,81
1731927389.411918,81
1731927389.426305,80
1731927389.4393597,80
1731927389.4523273,82
1731927389.4671242,82
1731927389.4808946,81
1731927389.4950714,82
1731927389.5095031,83
1731927389.5222394,82
1731927389.5355692,81
1731927389.5501964,82
1731927389.5629034,84
1731927389.5814025,82
1731927389.5950835,83
1731927389.6083884,85
1731927389.6205864,85
1731927389.632835,85
1731927389.6483378,84
1731927389.661443,86
1731927389.673614,86
1731927389.688632,84
1731927389.7044373,85
1731927389.7194545,84
1731927389.731981,87
1731927389.7438734,87
1731927389.762518,86
1731927389.7743971,86
1731927389.7881978,88
1731927389.8022096,88
1731927389.814309,88
1731927389.8275018,87
1731927389.841392,89
1731927389.8537302,88
1731927389.8652482,89
1731927389.8775985,89
1731927389.892773,89
1731927389.9045453,89
1731927389.916949,89
1731927389.930836,90
1731927389.9435542,89
1731927389.9559095,90
1731927389.9703743,90
1731927389.9835777,91
1731927389.9952917,89
1731927390.007247,90
1731927390.0224276,91
1731927390.0350044,92
1731927390.0467162,92
1731927390.058472,90
1731927390.0748029,92
1731927390.0911787,92
1731927390.1051075,93
1731927390.1170754,93
1731927390.1301455,92
1731927390.1433113,92
1731927390.1555264,94
1731927390.1677432,92
1731927390.1806815,94
1731927390.1957753,93
1731927390.2089434,95
1731927390.2242258,95
1731927390.2383661,95
1731927390.2527316,93
1731927390.2654214,95
1731927390.2776716,96
1731927390.289604,95
1731927390.3070288,95
1731927390.3189328,96
1731927390.3309941,97
1731927390.3435783,96
1731927390.357267,97
1731927390.3689814,97
1731927390.3829916,95
1731927390.397031,97
1731927390.4087648,97
1731927390.422984,98
1731927390.4372485,98
1731927390.4490886,98
1731927390.4635952,98
1731927390.4784424,99
1731927390.4910743,98
1731927390.5060825,98
1731927390.519012,99
1731927390.530848,97
1731927390.5446105,98
1731927390.5590093,99
1731927390.5736241,99
1731927390.5863662,99
1731927390.5995753,100
1731927390.6112278,100
1731927390.6239927,100
1731927390.6371992,99
1731927390.6502268,100
1731927390.661803,101
1731927390.6743755,101
1731927390.6880884,100
1731927390.7014658,100
1731927390.7161217,100
1731927390.7310646,100
1731927390.7425988,100
1731927390.7564497,102
1731927390.771592,102
1731927390.783562,102
1731927390.795565,102
1731927390.8086832,101
1731927390.822066,102
1731927390.834161,102
1731927390.8469808,101
1731927390.8600876,102
1731927390.872852,103
1731927390.8850315,103
1731927390.8987615,102
1731927390.911394,103
1731927390.9233582,101
1731927390.9375827,102
1731927390.9498198,101
1731927390.9633634,102
1731927390.9758868,102
1731927390.9901118,103
1731927391.0020201,103
1731927391.0145473,103
1731927391.0297048,103
1731927391.0424101,104
1731927391.0552263,103
1731927391.071792,104
1731927391.086348,104
1731927391.1025436,102
1731927391.1185746,104
1731927391.1343112,105
1731927391.1483097,104
1731927391.1629694,104
1731927391.1750937,103
1731927391.1880152,105
1731927391.202461,105
1731927391.2151957,104
1731927391.2276907,104
1731927391.2399726,104
1731927391.2529821,105
1731927391.2648923,103
1731927391.2768884,104
1731927391.2930737,104
1731927391.305778,103
1731927391.3188019,105
1731927391.3326695,103
1731927391.3457768,105
1731927391.3583724,104
1731927391.3701255,104
1731927391.3834865,103
1731927391.396363,105
1731927391.4088144,102
1731927391.4232662,98
1731927391.438878,95
1731927391.452592,90
1731927391.4648445,88
1731927391.4805818,84
1731927391.4943404,81
1731927391.5070703,77
1731927391.5210922,73
1731927391.5352683,72
1731927391.5480077,71
1731927391.5602663,71
1731927391.574066,72
1731927391.5856872,71
1731927391.5997503,72
1731927391.611527,72
1731927391.6252892,73
1731927391.6377969,72
1731927391.6501565,72
1731927391.6630607,72
1731927391.6759486,73
1731927391.6894512,72
1731927391.7032163,73
1731927391.718246,73
1731927391.7320821,74
1731927391.7486153,74
1731927391.7681432,74
1731927391.7807643,73
1731927391.79565,74
1731927391.808657,72
1731927391.821694,75
1731927391.833969,75
1731927391.8485096,75
1731927391.860944,74
1731927391.8727129,74
1731927391.8848383,74
1731927391.8983872,73
1731927391.9103544,73
1731927391.922731,76
1731927391.936228,75
1731927391.9492726,74
1731927391.961607,76
1731927391.9741073,76
1731927391.9860227,76
1731927391.9998195,74
1731927392.011701,75
1731927392.0243008,75
1731927392.0382662,76
1731927392.0507834,75
1731927392.0629218,75
1731927392.0756733,77
1731927392.0898156,76
1731927392.1024156,78
1731927392.117456,78
1731927392.131412,78
1731927392.1430516,78
1731927392.1574066,76
1731927392.170947,77
1731927392.183982,77
1731927392.196805,79
1731927392.209983,78
1731927392.224183,78
1731927392.2365534,78
1731927392.2493029,78
1731927392.2641628,78
1731927392.276586,79
1731927392.2897332,79
1731927392.3039966,79
1731927392.3181083,80
1731927392.3329175,79
1731927392.3502228,79
1731927392.3641438,80
1731927392.3791056,80
1731927392.3935997,80
1731927392.4061208,80
1731927392.417831,80
1731927392.4303977,80
1731927392.4423897,80
1731927392.4558704,81
1731927392.4681818,81
1731927392.483706,80
1731927392.4997969,82
1731927392.5137467,80
1731927392.5254056,81
1731927392.5389717,81
1731927392.5533104,82
1731927392.5654893,82
1731927392.5804377,81
1731927392.5945208,82
1731927392.609171,82
1731927392.6236165,83
1731927392.635976,82
1731927392.649047,81
1731927392.660709,82
1731927392.6741462,83
1731927392.6861422,83
1731927392.6985204,83
1731927392.7104628,84
1731927392.7233014,83
1731927392.737897,83
1731927392.7505703,83
1731927392.767663,83
1731927392.7846558,83
1731927392.7976267,84
1731927392.80928,84
1731927392.8229458,84
1731927392.8377364,84
1731927392.8524907,83
1731927392.8661537,84
1731927392.8778052,85
1731927392.8898647,85
1731927392.903761,85
1731927392.9160976,85
1731927392.9304621,85
1731927392.9432514,85
1731927392.9555228,85
1731927392.9703295,85
1731927392.9840794,86
1731927392.997244,85
1731927393.009384,85
1731927393.0229318,86
1731927393.0375123,86
1731927393.049489,86
1731927393.0612235,84
1731927393.073333,86
1731927393.0851555,84
1731927393.0995631,84
1731927393.1115303,85
